"AM2046  "	3	3647	2600	01/05/22	01/05/22	1	1	0	1	1	1	1
"AM8870  "	3	1340	10677	01/05/22	01/05/22	1	0	0	1	0	1	0
"AN9601  "	4	10916	12663	01/05/22	01/05/22	0	0	0	1	1	1	1
"BA5047  "	8	11461	3303	01/05/22	01/05/22	1	1	1	1	1	1	1
"BR2464  "	12	11961	9043	01/05/22	01/05/22	1	0	0	1	1	0	0
"BR6957  "	12	10602	3756	01/05/22	01/05/22	0	0	1	1	1	1	1
"BU6648  "	13	12487	7980	01/05/22	01/05/22	0	0	1	1	1	1	0
"BU8995  "	13	6444	5877	01/05/22	01/05/22	1	1	1	1	1	0	0
"CA9878  "	14	6177	11550	01/05/22	01/05/22	0	0	1	1	1	0	1
"CE1717  "	15	877	9217	01/05/22	01/05/22	0	1	0	1	1	1	0
"CE2368  "	15	1730	7341	01/05/22	01/05/22	0	0	0	1	1	0	1
"CE2543  "	15	7235	7975	01/05/22	01/05/22	0	0	1	1	1	0	1
"CE8667  "	15	4250	7922	01/05/22	01/05/22	1	1	0	1	1	0	0
"CH2311  "	16	5615	3913	01/05/22	01/05/22	1	1	0	1	0	1	1
"CR7147  "	18	5939	5772	01/05/22	01/05/22	0	1	1	1	0	0	0
"CR7183  "	18	3945	12476	01/05/22	01/05/22	0	0	1	1	0	0	0
"CY8396  "	20	6244	10032	01/05/22	01/05/22	0	0	0	1	1	0	1
"DJ1157  "	24	12012	506	01/05/22	01/05/22	0	0	1	1	0	0	1
"DJ2984  "	24	12586	8458	01/05/22	01/05/22	1	1	1	1	0	0	0
"EG7424  "	27	13514	6396	01/05/22	01/05/22	0	0	0	1	0	1	1
"EL6042  "	28	649	12834	01/05/22	01/05/22	1	1	1	1	1	0	1
"EQ2805  "	29	8383	2500	01/05/22	01/05/22	0	1	1	1	0	0	0
"EQ7158  "	29	9429	9920	01/05/22	01/05/22	0	1	1	1	0	0	1
"ES3072  "	31	3007	13562	01/05/22	01/05/22	0	1	1	1	1	0	0
"ES8903  "	31	7611	23	01/05/22	01/05/22	0	0	0	1	0	0	0
"ET1693  "	32	10012	2358	01/05/22	01/05/22	1	1	0	1	0	1	1
"FA1570  "	33	5748	2197	01/05/22	01/05/22	0	1	1	1	1	1	1
"GH6298  "	38	3470	4003	01/05/22	01/05/22	0	1	1	1	1	0	1
"GR6330  "	40	4686	12193	01/05/22	01/05/22	0	1	1	1	1	0	0
"GU1674  "	41	5270	11462	01/05/22	01/05/22	0	1	1	1	0	0	0
"GU7008  "	41	6012	10984	01/05/22	01/05/22	0	1	0	1	0	0	1
"HO1678  "	43	7445	1670	01/05/22	01/05/22	1	1	0	1	1	1	1
"IC4559  "	45	10312	357	01/05/22	01/05/22	0	0	1	1	0	0	0
"IR2890  "	47	12425	3519	01/05/22	01/05/22	0	1	0	1	1	1	0
"IS1155  "	48	6462	9787	01/05/22	01/05/22	1	0	1	1	1	1	0
"IV4811  "	50	3652	2606	01/05/22	01/05/22	0	1	1	1	0	1	1
"JA1699  "	51	12983	10199	01/05/22	01/05/22	0	0	1	1	1	0	1
"KE7095  "	55	8488	4178	01/05/22	01/05/22	0	1	0	1	0	0	0
"KO1618  "	57	12381	12613	01/05/22	01/05/22	0	1	1	1	1	0	1
"KU5625  "	58	8923	1213	01/05/22	01/05/22	1	1	0	1	0	1	1
"KU8228  "	58	3208	10414	01/05/22	01/05/22	0	0	1	1	1	1	0
"KY2519  "	59	6069	497	01/05/22	01/05/22	1	1	1	1	1	0	1
"LI9798  "	62	9903	3165	01/05/22	01/05/22	0	1	1	1	1	1	0
"LU1492  "	63	9487	11592	01/05/22	01/05/22	1	0	1	1	0	1	0
"LU7823  "	63	4567	13566	01/05/22	01/05/22	1	0	1	1	1	0	0
"NA1571  "	69	4984	34	01/05/22	01/05/22	1	1	1	1	1	0	0
"OM8986  "	73	4088	5865	01/05/22	01/05/22	0	0	1	1	0	0	1
"PO9871  "	77	9482	7898	01/05/22	01/05/22	0	1	1	1	0	0	0
"QA6133  "	79	4783	7273	01/05/22	01/05/22	0	1	0	1	1	0	1
"RE3692  "	80	12818	11615	01/05/22	01/05/22	1	1	0	1	0	0	1
"RW9843  "	83	8681	4726	01/05/22	01/05/22	1	1	1	1	1	0	1
"SA1946  "	84	9473	12570	01/05/22	01/05/22	1	1	1	1	1	0	1
"SU6454  "	92	4686	9908	01/05/22	01/05/22	0	1	1	1	0	1	0
"SY6242  "	94	9407	8079	01/05/22	01/05/22	1	0	0	1	0	1	1
"TU9483  "	99	1303	12741	01/05/22	01/05/22	1	1	0	1	1	0	1
"UG1739  "	100	10570	551	01/05/22	01/05/22	0	0	1	1	1	1	0
"UK7174  "	101	1215	9925	01/05/22	01/05/22	0	1	0	1	1	1	1
"UN6876  "	102	3440	9012	01/05/22	01/05/22	1	1	0	1	0	1	1
"VI3253  "	107	1979	7598	01/05/22	01/05/22	0	1	0	1	0	0	0
"WA9809  "	108	2804	233	01/05/22	01/05/22	0	1	0	1	0	1	0
"AM9059  "	3	5775	12038	01/05/22	01/05/22	1	0	0	0	1	1	0
"BO7408  "	11	577	5353	01/05/22	01/05/22	1	1	1	0	0	1	0
"BR9516  "	12	7796	2544	01/05/22	01/05/22	0	0	0	1	0	1	1
"CA1546  "	14	827	1695	01/05/22	01/05/22	1	1	1	1	0	1	0
"CA3734  "	14	6539	11981	01/05/22	01/05/22	0	0	1	0	0	1	1
"CU2080  "	19	8035	4746	01/05/22	01/05/22	0	1	0	1	0	1	0
"DJ2212  "	24	3975	1044	01/05/22	01/05/22	1	0	0	0	0	1	1
"EC1614  "	26	12648	12713	01/05/22	01/05/22	1	0	1	1	0	1	1
"EG1102  "	27	9615	8082	01/05/22	01/05/22	1	1	1	1	1	1	1
"EL6088  "	28	4283	6972	01/05/22	01/05/22	1	0	0	1	0	1	0
"FA7583  "	33	7887	4227	01/05/22	01/05/22	1	0	0	0	1	1	1
"FI4250  "	34	2991	13266	01/05/22	01/05/22	0	0	0	0	1	1	1
"FR1357  "	35	10000	3022	01/05/22	01/05/22	0	1	0	1	1	1	1
"GA2498  "	36	6200	3075	01/05/22	01/05/22	0	1	0	1	1	1	0
"GE3036  "	37	1025	5766	01/05/22	01/05/22	1	0	0	0	1	1	1
"GI8869  "	39	9225	3523	01/05/22	01/05/22	1	1	1	0	1	1	1
"HA3151  "	42	5209	119	01/05/22	01/05/22	0	1	1	0	1	1	1
"HO7035  "	43	10493	8813	01/05/22	01/05/22	1	1	1	0	1	1	0
"IS3636  "	48	9421	2973	01/05/22	01/05/22	1	1	1	1	0	1	1
"KA1417  "	54	11835	4712	01/05/22	01/05/22	0	1	0	1	1	1	1
"KA4019  "	54	11887	11025	01/05/22	01/05/22	0	1	0	1	1	1	0
"KA4088  "	54	204	11813	01/05/22	01/05/22	0	1	1	0	0	1	0
"KE4141  "	55	10993	7246	01/05/22	01/05/22	0	1	0	0	0	1	0
"KE8383  "	55	10192	7176	01/05/22	01/05/22	0	0	1	0	1	1	0
"KU2077  "	58	8705	12101	01/05/22	01/05/22	0	1	0	1	0	1	1
"LA2183  "	60	10955	10394	01/05/22	01/05/22	0	0	1	0	0	1	0
"LA8626  "	60	12223	3350	01/05/22	01/05/22	1	0	1	1	1	1	0
"LA8822  "	60	9687	12976	01/05/22	01/05/22	1	0	1	0	0	1	0
"MI1972  "	66	6992	6258	01/05/22	01/05/22	0	0	0	0	0	1	0
"MO5757  "	67	9990	12145	01/05/22	01/05/22	0	0	0	0	0	1	1
"NE2274  "	70	7474	8061	01/05/22	01/05/22	0	1	1	1	0	1	1
"PU1460  "	78	6781	12681	01/05/22	01/05/22	0	1	1	1	0	1	0
"PU2161  "	78	12020	3499	01/05/22	01/05/22	1	1	1	1	1	1	0
"PU6178  "	78	9008	4074	01/05/22	01/05/22	1	1	1	0	0	1	0
"PU8308  "	78	11912	10680	01/05/22	01/05/22	1	0	0	1	1	1	1
"QA9393  "	79	7112	7845	01/05/22	01/05/22	0	0	1	1	0	1	0
"RU5726  "	82	676	1930	01/05/22	01/05/22	1	1	0	0	1	1	0
"SE8402  "	85	7323	6539	01/05/22	01/05/22	0	0	1	0	1	1	1
"SY5575  "	94	4779	5637	01/05/22	01/05/22	0	0	1	1	0	1	0
"VE2759  "	106	5794	6825	01/05/22	01/05/22	1	1	1	1	1	1	1
"WE2240  "	109	13539	6099	01/05/22	01/05/22	1	1	1	1	0	1	1
"WE4176  "	109	10888	7856	01/05/22	01/05/22	0	1	0	1	1	1	0
"YU4106  "	111	12327	12585	01/05/22	01/05/22	0	0	1	0	1	1	1
"YU9746  "	111	13431	11783	01/05/22	01/05/22	1	1	0	0	0	1	1
"ZA5582  "	112	10897	404	01/05/22	01/05/22	0	0	0	1	1	1	0
"AL5198  "	2	11766	10230	01/05/22	01/05/22	1	1	1	1	1	1	0
"AN8127  "	4	1952	13274	01/05/22	01/05/22	0	1	0	1	1	0	0
"AU2201  "	6	1927	8057	01/05/22	01/05/22	0	1	1	1	1	0	0
"AU7532  "	6	5658	11674	01/05/22	01/05/22	0	1	1	1	1	1	1
"AZ1134  "	7	2179	5939	01/05/22	01/05/22	0	1	1	1	0	0	1
"BE1212  "	9	4827	9829	01/05/22	01/05/22	0	1	1	1	1	1	1
"BE6699  "	9	969	8901	01/05/22	01/05/22	1	1	1	1	1	1	1
"BR1643  "	12	2438	11488	01/05/22	01/05/22	1	1	0	0	0	0	0
"CH1161  "	16	8277	535	01/05/22	01/05/22	1	1	0	1	1	1	1
"CH2443  "	16	590	3389	01/05/22	01/05/22	0	1	1	0	0	1	1
"CO3236  "	17	6009	4754	01/05/22	01/05/22	0	1	0	1	1	0	1
"CY1572  "	20	1433	7348	01/05/22	01/05/22	0	1	1	0	0	0	1
"DE2268  "	23	10232	7293	01/05/22	01/05/22	0	1	0	0	1	1	0
"DE5844  "	23	8212	11974	01/05/22	01/05/22	0	1	0	0	0	0	1
"EQ1339  "	29	5559	5375	01/05/22	01/05/22	0	1	1	0	1	0	1
"FA1994  "	33	9530	2421	01/05/22	01/05/22	1	1	1	0	1	1	1
"FI7150  "	34	11639	13134	01/05/22	01/05/22	0	1	0	0	0	1	1
"GE4906  "	37	11824	10768	01/05/22	01/05/22	0	1	0	0	1	1	0
"GH5805  "	38	6821	9431	01/05/22	01/05/22	1	1	0	1	0	1	0
"GI2328  "	39	1403	2359	01/05/22	01/05/22	1	1	0	0	1	1	0
"GI7682  "	39	5066	9910	01/05/22	01/05/22	1	1	1	0	1	1	1
"GI9317  "	39	12241	5913	01/05/22	01/05/22	1	1	0	1	1	1	0
"HU9796  "	44	1669	7658	01/05/22	01/05/22	0	1	0	0	1	0	0
"IC8542  "	45	12089	718	01/05/22	01/05/22	0	1	1	1	0	1	0
"IN1172  "	46	12610	5076	01/05/22	01/05/22	1	1	1	0	0	0	0
"IR3317  "	47	1358	10517	01/05/22	01/05/22	1	1	1	1	1	1	1
"IR7789  "	47	12085	12857	01/05/22	01/05/22	1	1	0	0	0	0	0
"IS2653  "	48	5202	1765	01/05/22	01/05/22	0	1	0	1	1	0	1
"JE3753  "	52	2684	11869	01/05/22	01/05/22	1	1	0	1	0	1	1
"JE8334  "	52	7140	3208	01/05/22	01/05/22	0	1	0	1	1	0	0
"LI2355  "	62	2826	6160	01/05/22	01/05/22	1	1	1	1	1	1	1
"LI8618  "	62	5577	2932	01/05/22	01/05/22	1	1	0	1	0	0	0
"MY8750  "	68	7032	2833	01/05/22	01/05/22	0	1	1	0	1	0	1
"NE1763  "	70	8115	11163	01/05/22	01/05/22	0	1	0	1	0	0	1
"NE7191  "	70	11687	8257	01/05/22	01/05/22	1	1	0	0	1	0	1
"NI9371  "	71	5955	9221	01/05/22	01/05/22	1	1	0	0	0	1	1
"NO1997  "	72	850	8474	01/05/22	01/05/22	1	1	0	1	1	1	1
"NO2276  "	72	882	2007	01/05/22	01/05/22	0	1	1	0	0	0	1
"OM6716  "	73	10806	4734	01/05/22	01/05/22	0	1	1	0	1	0	0
"PE1562  "	75	8843	6588	01/05/22	01/05/22	0	1	0	1	0	1	1
"PH2165  "	76	2326	11517	01/05/22	01/05/22	0	1	1	0	0	0	1
"PU8381  "	78	5416	12280	01/05/22	01/05/22	1	1	0	1	1	0	1
"QA1635  "	79	2200	319	01/05/22	01/05/22	1	1	0	0	1	0	1
"RO5745  "	81	8545	5198	01/05/22	01/05/22	1	1	0	1	1	1	1
"RO6105  "	81	12954	8396	01/05/22	01/05/22	0	1	0	1	1	1	0
"RO6423  "	81	8066	10796	01/05/22	01/05/22	1	1	0	0	0	0	0
"RU3846  "	82	10625	972	01/05/22	01/05/22	1	1	1	1	0	0	1
"SA1253  "	84	3287	518	01/05/22	01/05/22	0	1	1	0	0	0	1
"SA6947  "	84	11675	1534	01/05/22	01/05/22	0	1	0	0	0	1	1
"SW2703  "	93	4298	1596	01/05/22	01/05/22	0	1	1	0	1	0	0
"SY8712  "	94	5116	4736	01/05/22	01/05/22	0	1	0	0	1	1	1
"SY8987  "	94	241	11701	01/05/22	01/05/22	1	1	1	1	1	1	1
"TO2590  "	97	4480	10581	01/05/22	01/05/22	1	1	1	1	1	1	0
"TO8645  "	97	8721	10932	01/05/22	01/05/22	1	1	1	1	1	0	0
"UN1067  "	102	11741	9096	01/05/22	01/05/22	0	1	0	1	0	0	0
"UN1107  "	102	3883	12139	01/05/22	01/05/22	1	1	0	0	1	1	1
"UR1081  "	103	11509	9436	01/05/22	01/05/22	1	1	0	1	0	1	0
"UZ3314  "	104	7255	8870	01/05/22	01/05/22	0	1	1	0	1	1	0
"UZ9161  "	104	11577	6417	01/05/22	01/05/22	0	1	0	1	1	0	0
"YU2408  "	111	9759	8222	01/05/22	01/05/22	0	1	1	1	0	1	0
"ZI1057  "	113	7156	11050	01/05/22	01/05/22	1	1	1	1	0	1	1
"ZI5588  "	113	11502	2606	01/05/22	01/05/22	1	1	1	1	1	1	1
"ZI7472  "	113	3601	11557	01/05/22	01/05/22	1	1	1	1	0	1	1
"AF4264  "	1	13218	8436	01/05/22	01/05/22	1	0	0	1	1	0	0
"AF4288  "	1	12548	6575	01/05/22	01/05/22	1	0	0	1	0	1	0
"AM3462  "	3	8105	2334	01/05/22	01/05/22	0	1	1	1	0	0	0
"AN2320  "	4	3459	6930	01/05/22	01/05/22	1	1	1	1	0	0	1
"BO4820  "	11	13062	6628	01/05/22	01/05/22	1	1	0	1	1	0	1
"BO4918  "	11	8189	8322	01/05/22	01/05/22	0	1	0	1	1	1	0
"BR8451  "	12	1300	11312	01/05/22	01/05/22	0	0	1	1	1	0	0
"BU3103  "	13	4206	12255	01/05/22	01/05/22	1	0	1	1	1	0	1
"CA8553  "	14	6055	7176	01/05/22	01/05/22	1	0	0	1	0	0	0
"CA9998  "	14	3125	6373	01/05/22	01/05/22	1	1	1	1	0	1	1
"CE5524  "	15	1937	6702	01/05/22	01/05/22	0	0	1	1	0	1	0
"CY7967  "	20	10206	3826	01/05/22	01/05/22	1	1	0	1	0	0	0
"DA5327  "	22	1668	11841	01/05/22	01/05/22	1	1	1	1	1	1	0
"EQ2759  "	29	6576	9265	01/05/22	01/05/22	0	0	0	1	0	1	1
"EQ7995  "	29	11294	9834	01/05/22	01/05/22	1	1	1	1	0	0	1
"ER1041  "	30	1454	12348	01/05/22	01/05/22	1	1	0	1	1	0	1
"ES2270  "	31	5892	10893	01/05/22	01/05/22	0	1	0	1	0	0	0
"FA9484  "	33	6207	6048	01/05/22	01/05/22	1	1	1	1	1	1	1
"GA7451  "	36	11605	6121	01/05/22	01/05/22	0	0	1	1	1	0	1
"GH5942  "	38	1714	8039	01/05/22	01/05/22	1	1	1	1	1	0	1
"GR4813  "	40	2556	8601	01/05/22	01/05/22	0	1	1	1	0	1	0
"GR5703  "	40	9737	6984	01/05/22	01/05/22	0	0	0	1	0	0	0
"GR9521  "	40	10943	12325	01/05/22	01/05/22	0	0	0	1	0	0	1
"GU6078  "	41	6773	6480	01/05/22	01/05/22	0	1	1	1	1	0	0
"HA1702  "	42	10397	5252	01/05/22	01/05/22	0	1	1	1	1	1	0
"HO8440  "	43	487	8893	01/05/22	01/05/22	1	1	1	1	1	0	1
"HO9039  "	43	1742	1820	01/05/22	01/05/22	0	0	0	1	0	1	1
"IT8341  "	49	12807	2623	01/05/22	01/05/22	0	0	0	1	0	0	1
"IV3919  "	50	5224	9407	01/05/22	01/05/22	1	0	0	1	0	1	0
"JE1501  "	52	11181	107	01/05/22	01/05/22	0	1	1	1	0	1	0
"KU5083  "	58	4152	56	01/05/22	01/05/22	0	0	1	1	0	1	0
"LA7089  "	60	7706	11796	01/05/22	01/05/22	1	1	1	1	1	1	0
"ME8362  "	65	7479	12240	01/05/22	01/05/22	1	1	0	1	1	0	1
"MI4717  "	66	2925	9913	01/05/22	01/05/22	0	1	0	1	0	0	0
"MY3960  "	68	11635	12020	01/05/22	01/05/22	1	1	1	1	1	1	0
"NA1687  "	69	776	11833	01/05/22	01/05/22	1	0	0	1	0	0	1
"NI5904  "	71	11851	3829	01/05/22	01/05/22	0	0	1	1	1	0	0
"OM8677  "	73	5393	6637	01/05/22	01/05/22	0	1	1	1	0	1	0
"PE8130  "	75	7065	4283	01/05/22	01/05/22	0	0	1	1	0	1	0
"PU3379  "	78	8884	8536	01/05/22	01/05/22	0	1	1	1	1	1	0
"PU5023  "	78	13537	12272	01/05/22	01/05/22	0	1	0	1	0	1	1
"SE2081  "	85	1700	2936	01/05/22	01/05/22	1	0	0	1	0	0	1
"SE6832  "	85	6702	8256	01/05/22	01/05/22	1	1	0	1	1	1	1
"SR4528  "	90	3109	3245	01/05/22	01/05/22	1	1	0	1	1	1	0
"SU9658  "	92	10651	5442	01/05/22	01/05/22	0	1	0	1	1	1	0
"TH5714  "	96	7607	7070	01/05/22	01/05/22	1	1	1	1	0	0	1
"TO1241  "	97	5369	13577	01/05/22	01/05/22	0	1	1	1	0	0	1
"TO1363  "	97	3507	12437	01/05/22	01/05/22	1	0	1	1	0	0	1
"TO2838  "	97	10141	13467	01/05/22	01/05/22	1	0	0	1	0	0	0
"TU9358  "	99	169	9188	01/05/22	01/05/22	0	1	1	1	0	0	1
"UG9288  "	100	9915	509	01/05/22	01/05/22	0	0	0	1	1	1	1
"UK3073  "	101	11941	1593	01/05/22	01/05/22	1	0	0	1	0	1	0
"VI1490  "	107	2940	8354	01/05/22	01/05/22	0	1	0	1	0	1	0
"ZI1257  "	113	12194	3950	01/05/22	01/05/22	1	1	0	1	0	0	1
"ZI4522  "	113	12434	5890	01/05/22	01/05/22	0	0	1	1	1	0	0
"ZI9359  "	113	12230	10033	01/05/22	01/05/22	1	0	1	1	0	1	0
"HA7176  "	42	4349	4284	01/05/22	01/05/22	0	0	0	0	0	1	0
"EG6614  "	27	3633	5409	01/05/22	01/05/22	0	0	1	0	1	1	0
"AF1908  "	1	5566	8387	01/05/22	01/05/22	1	1	0	1	0	1	0
"AF6095  "	1	11122	9958	01/05/22	01/05/22	0	1	1	1	1	1	0
"AU8154  "	6	9221	12390	01/05/22	01/05/22	0	0	0	1	0	1	0
"AZ1469  "	7	12734	7446	01/05/22	01/05/22	1	1	0	0	1	1	0
"BE1652  "	9	4215	1322	01/05/22	01/05/22	0	0	1	0	1	1	0
"BH7763  "	10	2359	8177	01/05/22	01/05/22	0	1	1	0	1	1	1
"BH8009  "	10	7878	5855	01/05/22	01/05/22	0	1	1	0	1	1	0
"BO7601  "	11	4793	913	01/05/22	01/05/22	0	0	1	1	0	1	0
"BR2511  "	12	1915	7702	01/05/22	01/05/22	1	0	1	1	1	1	0
"CA1300  "	14	6665	10895	01/05/22	01/05/22	1	1	1	0	0	1	0
"CE4036  "	15	7568	4149	01/05/22	01/05/22	1	0	1	1	1	1	1
"CR9596  "	18	1615	2747	01/05/22	01/05/22	1	0	0	0	1	1	0
"DA5688  "	22	7504	3980	01/05/22	01/05/22	1	0	0	0	1	1	0
"DA5797  "	22	1526	7910	01/05/22	01/05/22	0	0	1	0	0	1	0
"EG2459  "	27	10	8730	01/05/22	01/05/22	1	0	0	1	1	1	0
"EL2456  "	28	4568	1598	01/05/22	01/05/22	0	1	1	1	0	1	0
"ER3128  "	30	7419	8993	01/05/22	01/05/22	1	1	0	0	1	1	0
"ES1953  "	31	5576	5570	01/05/22	01/05/22	0	1	1	0	1	1	1
"FR2892  "	35	300	4595	01/05/22	01/05/22	1	0	0	0	1	1	0
"HA3167  "	42	8522	3567	01/05/22	01/05/22	0	1	1	0	1	1	1
"HO6869  "	43	2138	2342	01/05/22	01/05/22	0	1	0	0	1	1	0
"HU1263  "	44	6704	8152	01/05/22	01/05/22	0	1	0	0	0	1	0
"IN4706  "	46	10317	12703	01/05/22	01/05/22	1	1	1	1	1	1	1
"KA1073  "	54	12932	2976	01/05/22	01/05/22	0	1	1	0	0	1	0
"KA5878  "	54	6905	4445	01/05/22	01/05/22	1	0	0	0	0	1	1
"KO9124  "	57	1386	6043	01/05/22	01/05/22	1	1	1	1	1	1	1
"KU5273  "	58	2815	9880	01/05/22	01/05/22	0	0	0	0	1	1	1
"KU6294  "	58	12411	8598	01/05/22	01/05/22	1	0	1	1	0	1	0
"KU7106  "	58	5224	396	01/05/22	01/05/22	1	1	0	0	1	1	1
"KY4725  "	59	12637	9106	01/05/22	01/05/22	1	1	0	0	1	1	0
"LA9105  "	60	3652	9784	01/05/22	01/05/22	1	0	1	1	1	1	1
"LA9609  "	60	8899	13555	01/05/22	01/05/22	0	1	1	0	0	1	1
"LI6082  "	62	1663	11467	01/05/22	01/05/22	0	1	0	1	1	1	0
"LU1482  "	63	405	10788	01/05/22	01/05/22	0	1	1	0	1	1	1
"MI5746  "	66	12576	11877	01/05/22	01/05/22	1	1	1	0	0	1	1
"MO5174  "	67	12918	11074	01/05/22	01/05/22	0	1	1	0	0	1	1
"NA2960  "	69	13566	12353	01/05/22	01/05/22	1	1	1	0	1	1	1
"OM2166  "	73	8812	8704	01/05/22	01/05/22	1	0	0	0	1	1	0
"PH4733  "	76	9120	9621	01/05/22	01/05/22	0	0	1	0	0	1	1
"PH8508  "	76	2198	11134	01/05/22	01/05/22	1	1	0	0	1	1	0
"PU9617  "	78	9565	8778	01/05/22	01/05/22	1	1	0	0	0	1	1
"RU8104  "	82	10490	184	01/05/22	01/05/22	1	0	1	0	0	1	0
"RU9567  "	82	13439	9162	01/05/22	01/05/22	1	1	1	0	1	1	0
"RW4667  "	83	6387	6243	01/05/22	01/05/22	1	0	0	0	0	1	1
"SA6389  "	84	7792	9046	01/05/22	01/05/22	1	1	0	0	0	1	1
"SA8857  "	84	9256	726	01/05/22	01/05/22	1	1	1	0	0	1	1
"SE8461  "	85	7592	9500	01/05/22	01/05/22	0	1	0	0	1	1	1
"SI1720  "	86	11555	9411	01/05/22	01/05/22	1	0	0	0	1	1	1
"SL4308  "	87	3569	12089	01/05/22	01/05/22	0	1	0	0	0	1	1
"SW2591  "	93	13429	9533	01/05/22	01/05/22	1	1	1	1	1	1	0
"TH7654  "	96	2804	9053	01/05/22	01/05/22	1	0	0	0	1	1	1
"TH8045  "	96	9506	83	01/05/22	01/05/22	1	0	1	1	0	1	1
"UN4962  "	102	6235	4713	01/05/22	01/05/22	0	1	1	1	1	1	0
"UR3775  "	103	5376	6361	01/05/22	01/05/22	0	1	0	0	1	1	1
"UZ3035  "	104	7317	681	01/05/22	01/05/22	0	1	0	0	0	1	0
"UZ3266  "	104	3482	2205	01/05/22	01/05/22	0	1	0	0	1	1	0
"VA4824  "	105	7286	3422	01/05/22	01/05/22	0	0	1	0	0	1	0
"VE2827  "	106	3527	6394	01/05/22	01/05/22	1	1	1	0	0	1	0
"WE1409  "	109	4432	1955	01/05/22	01/05/22	1	0	0	0	0	1	0
"WE5545  "	109	7279	5634	01/05/22	01/05/22	1	0	0	0	1	1	0
"YE5186  "	110	6601	8939	01/05/22	01/05/22	1	0	0	1	0	1	0
"YU7039  "	111	343	2956	01/05/22	01/05/22	1	1	1	1	1	1	0
"YU7097  "	111	6023	4073	01/05/22	01/05/22	1	0	1	1	1	1	0
"AM3671  "	3	12430	9665	01/05/22	01/05/22	0	1	1	0	1	1	1
"AN4318  "	4	4374	1665	01/05/22	01/05/22	1	1	1	1	1	0	1
"AN5319  "	4	5325	6947	01/05/22	01/05/22	0	1	0	1	1	0	0
"BA5436  "	8	4683	12030	01/05/22	01/05/22	0	1	1	0	1	0	1
"BA8811  "	8	5033	12642	01/05/22	01/05/22	0	1	1	1	0	1	1
"BR1646  "	12	10937	3788	01/05/22	01/05/22	1	1	0	1	0	1	0
"CA9858  "	14	13548	928	01/05/22	01/05/22	1	1	0	0	1	0	0
"CE1100  "	15	10479	8507	01/05/22	01/05/22	0	1	1	0	1	0	1
"CE3432  "	15	13554	10813	01/05/22	01/05/22	0	1	1	0	0	0	0
"DE2348  "	23	12366	12010	01/05/22	01/05/22	1	1	0	0	0	1	0
"DE5641  "	23	9947	1361	01/05/22	01/05/22	1	1	1	1	1	0	1
"DJ4224  "	24	5805	12876	01/05/22	01/05/22	1	1	0	0	1	1	1
"ET6479  "	32	7602	5844	01/05/22	01/05/22	0	1	0	1	1	0	1
"FI1168  "	34	11356	1377	01/05/22	01/05/22	0	1	1	1	0	0	0
"FR1095  "	35	1553	5467	01/05/22	01/05/22	1	1	0	1	0	1	1
"FR8385  "	35	10906	1451	01/05/22	01/05/22	1	1	0	1	0	1	0
"GH1728  "	38	3312	524	01/05/22	01/05/22	0	1	1	0	1	1	0
"GR6409  "	40	5428	10285	01/05/22	01/05/22	1	1	1	1	0	0	0
"GU1184  "	41	8275	8824	01/05/22	01/05/22	1	1	0	0	1	0	0
"HA7026  "	42	3540	3768	01/05/22	01/05/22	0	1	1	0	0	1	0
"IC3218  "	45	6923	12907	01/05/22	01/05/22	0	1	1	0	0	0	0
"IC9093  "	45	4124	12511	01/05/22	01/05/22	1	1	1	0	1	1	0
"IN1079  "	46	2204	8137	01/05/22	01/05/22	0	1	0	0	1	0	1
"IN3813  "	46	12878	245	01/05/22	01/05/22	0	1	1	0	1	1	1
"IR3435  "	47	4271	8468	01/05/22	01/05/22	0	1	1	0	0	0	1
"IT1211  "	49	9157	10445	01/05/22	01/05/22	0	1	0	0	1	0	1
"JA6556  "	51	9954	4098	01/05/22	01/05/22	0	1	0	0	1	0	0
"JO1751  "	53	8200	10679	01/05/22	01/05/22	1	1	1	1	0	0	1
"KA9604  "	54	12176	8460	01/05/22	01/05/22	1	1	1	1	1	1	1
"KE2720  "	55	6496	6923	01/05/22	01/05/22	1	1	1	1	0	1	0
"LI1345  "	62	11000	9685	01/05/22	01/05/22	0	1	1	0	0	0	0
"LI8589  "	62	7241	10086	01/05/22	01/05/22	1	1	0	0	0	0	0
"MA1272  "	64	488	3122	01/05/22	01/05/22	0	1	0	0	0	1	1
"ME9792  "	65	10124	7610	01/05/22	01/05/22	1	1	0	1	0	1	1
"MY9189  "	68	1166	3012	01/05/22	01/05/22	1	1	0	0	1	0	1
"NE7424  "	70	12492	7056	01/05/22	01/05/22	0	1	0	1	0	0	1
"NO3475  "	72	9729	5301	01/05/22	01/05/22	0	1	1	0	0	1	1
"NO8991  "	72	11127	2205	01/05/22	01/05/22	0	1	1	1	0	1	1
"PE1454  "	75	11577	7279	01/05/22	01/05/22	0	1	1	1	1	0	0
"PE1463  "	75	4589	119	01/05/22	01/05/22	0	1	1	1	0	0	0
"PE3776  "	75	2142	13277	01/05/22	01/05/22	0	1	0	0	0	1	1
"QA1835  "	79	6401	8379	01/05/22	01/05/22	0	1	1	0	1	0	0
"QA1976  "	79	7517	532	01/05/22	01/05/22	1	1	1	1	1	1	1
"SO1287  "	88	12973	6225	01/05/22	01/05/22	1	1	1	1	1	1	1
"SW9783  "	93	4607	9697	01/05/22	01/05/22	1	1	0	1	1	0	0
"TH1858  "	96	6816	9215	01/05/22	01/05/22	0	1	1	1	0	0	0
"UG6856  "	100	9373	8685	01/05/22	01/05/22	1	1	0	0	1	1	1
"UK8685  "	101	10304	2685	01/05/22	01/05/22	1	1	0	1	1	0	1
"UN6342  "	102	4336	10024	01/05/22	01/05/22	0	1	1	1	0	0	1
"UN8741  "	102	8240	6613	01/05/22	01/05/22	1	1	1	0	0	0	1
"UR1412  "	103	2348	127	01/05/22	01/05/22	1	1	1	0	0	0	0
"UZ2512  "	104	8567	11646	01/05/22	01/05/22	0	1	0	0	1	0	0
"WA4613  "	108	807	3288	01/05/22	01/05/22	0	1	0	1	1	1	1
"WA6623  "	108	504	11941	01/05/22	01/05/22	1	1	0	0	1	0	1
"WA7941  "	108	9490	11067	01/05/22	01/05/22	1	1	1	1	1	0	0
"WA9454  "	108	12689	10289	01/05/22	01/05/22	0	1	1	1	1	0	0
"YU3217  "	111	7795	8946	01/05/22	01/05/22	1	1	1	0	1	0	1
"YU9077  "	111	1563	10674	01/05/22	01/05/22	0	1	0	1	0	1	0
"ZI7701  "	113	12462	12213	01/05/22	01/05/22	1	1	0	1	0	1	1
"AF1377  "	1	4478	12595	01/05/22	01/05/22	1	0	1	1	1	1	0
"AM3034  "	3	9084	2216	01/05/22	01/05/22	1	0	1	1	1	0	0
"AM8807  "	3	11428	5882	01/05/22	01/05/22	1	1	1	1	0	0	0
"BA5265  "	8	13484	12562	01/05/22	01/05/22	0	1	1	1	1	0	0
"BH1640  "	10	12147	842	01/05/22	01/05/22	0	1	0	1	0	1	0
"BO4504  "	11	1509	11197	01/05/22	01/05/22	1	0	1	1	1	0	1
"BO5532  "	11	5437	4835	01/05/22	01/05/22	0	1	0	1	0	0	1
"BU6511  "	13	5764	528	01/05/22	01/05/22	0	1	0	1	1	0	1
"CA1945  "	14	1104	11116	01/05/22	01/05/22	1	1	0	1	0	1	1
"DJ2933  "	24	8532	7312	01/05/22	01/05/22	0	0	1	1	1	0	1
"DJ4458  "	24	4077	2218	01/05/22	01/05/22	0	0	1	1	0	1	1
"EG1846  "	27	6529	11555	01/05/22	01/05/22	0	1	1	1	1	0	1
"EQ8557  "	29	10873	8518	01/05/22	01/05/22	1	1	1	1	1	0	0
"ER3915  "	30	1909	4322	01/05/22	01/05/22	0	1	0	1	1	1	0
"FR5873  "	35	5749	12528	01/05/22	01/05/22	1	0	1	1	1	0	0
"GE2577  "	37	11655	2894	01/05/22	01/05/22	0	1	0	1	1	1	0
"GE9962  "	37	7340	882	01/05/22	01/05/22	0	1	0	1	0	0	0
"GH1130  "	38	4443	8921	01/05/22	01/05/22	1	0	0	1	1	1	0
"GH6580  "	38	13369	3004	01/05/22	01/05/22	1	0	1	1	1	1	0
"GR1139  "	40	8188	12715	01/05/22	01/05/22	0	1	1	1	0	1	1
"GR4754  "	40	2204	3360	01/05/22	01/05/22	1	1	0	1	0	0	0
"GU1786  "	41	9292	2885	01/05/22	01/05/22	0	0	0	1	0	0	1
"HA3460  "	42	721	8434	01/05/22	01/05/22	0	0	1	1	1	0	1
"HU2200  "	44	11812	6429	01/05/22	01/05/22	1	1	0	1	1	1	0
"IN1047  "	46	9983	8363	01/05/22	01/05/22	1	0	0	1	1	1	1
"IV4687  "	50	3804	8545	01/05/22	01/05/22	1	0	1	1	0	0	0
"JA1794  "	51	4641	9321	01/05/22	01/05/22	0	0	1	1	0	1	1
"KE3311  "	55	4447	12988	01/05/22	01/05/22	1	0	0	1	0	1	1
"KU4386  "	58	9181	5480	01/05/22	01/05/22	1	0	0	1	1	1	1
"KU5729  "	58	1143	1696	01/05/22	01/05/22	1	0	0	1	0	0	0
"KU8343  "	58	1848	6181	01/05/22	01/05/22	0	1	1	1	0	0	0
"KY4683  "	59	4544	871	01/05/22	01/05/22	0	1	0	1	0	1	0
"LA2195  "	60	13494	3065	01/05/22	01/05/22	1	1	0	1	1	1	1
"LA5864  "	60	1096	10602	01/05/22	01/05/22	1	1	0	1	0	0	0
"LU1499  "	63	2662	5204	01/05/22	01/05/22	1	1	1	1	0	0	0
"MI3154  "	66	11917	8644	01/05/22	01/05/22	0	1	0	1	1	0	1
"MI8181  "	66	7699	9575	01/05/22	01/05/22	1	1	0	1	1	0	0
"MO9644  "	67	2052	11674	01/05/22	01/05/22	0	0	0	1	0	0	1
"NE6274  "	70	13338	10898	01/05/22	01/05/22	1	0	0	1	0	0	1
"NI2907  "	71	6918	11542	01/05/22	01/05/22	1	0	0	1	1	1	1
"PU4999  "	78	171	4382	01/05/22	01/05/22	1	1	1	1	1	1	1
"RE8178  "	80	6107	7792	01/05/22	01/05/22	0	0	0	1	0	0	1
"RE9522  "	80	9284	3845	01/05/22	01/05/22	0	0	1	1	0	1	0
"RW9791  "	83	5555	4766	01/05/22	01/05/22	1	1	0	1	1	1	1
"SA2250  "	84	3220	3643	01/05/22	01/05/22	0	0	1	1	1	0	0
"SE6092  "	85	753	9159	01/05/22	01/05/22	1	0	0	1	0	1	0
"SO9969  "	88	9091	1331	01/05/22	01/05/22	0	1	1	1	0	0	0
"SR1497  "	90	11915	5024	01/05/22	01/05/22	1	0	1	1	1	1	1
"SU1923  "	92	11153	8069	01/05/22	01/05/22	0	1	1	1	1	1	0
"TA3110  "	95	5580	3699	01/05/22	01/05/22	0	0	0	1	0	0	0
"TR6725  "	98	10548	8032	01/05/22	01/05/22	0	0	1	1	1	0	0
"UG8215  "	100	7584	10918	01/05/22	01/05/22	1	1	1	1	0	0	0
"UK2667  "	101	2361	6472	01/05/22	01/05/22	1	0	0	1	1	1	1
"UK4571  "	101	9910	9764	01/05/22	01/05/22	1	1	0	1	0	1	0
"UK7300  "	101	1340	3177	01/05/22	01/05/22	1	0	0	1	1	1	0
"UN6828  "	102	11418	13034	01/05/22	01/05/22	1	1	0	1	1	0	0
"UR1926  "	103	6080	8813	01/05/22	01/05/22	0	0	1	1	0	1	0
"VA9955  "	105	7491	8151	01/05/22	01/05/22	1	0	1	1	0	0	0
"VE2135  "	106	958	10333	01/05/22	01/05/22	1	0	0	1	1	0	1
"VI1782  "	107	494	45	01/05/22	01/05/22	0	0	1	1	0	1	0
"YE1139  "	110	6827	10825	01/05/22	01/05/22	0	1	1	1	1	1	1
"YU5789  "	111	4088	9345	01/05/22	01/05/22	0	1	1	1	1	0	0
"ZA2364  "	112	5345	9712	01/05/22	01/05/22	0	1	1	1	1	0	1
"ZA7789  "	112	11371	10466	01/05/22	01/05/22	1	1	1	1	1	0	0
"ZI1268  "	113	8722	5859	01/05/22	01/05/22	0	0	1	1	1	1	0
"AL4073  "	2	3255	7750	01/05/22	01/05/22	0	0	1	0	1	1	1
"BA4600  "	8	7441	528	01/05/22	01/05/22	0	0	1	1	0	1	1
"BA4654  "	8	6833	9797	01/05/22	01/05/22	1	0	1	1	1	1	1
"BE1656  "	9	10995	7261	01/05/22	01/05/22	0	1	1	0	1	1	0
"BR2105  "	12	7483	6505	01/05/22	01/05/22	1	1	0	0	0	1	1
"CU2433  "	19	12429	7934	01/05/22	01/05/22	0	0	0	0	0	1	1
"CU6821  "	19	4806	4767	01/05/22	01/05/22	1	0	1	1	1	1	0
"CY1488  "	20	7751	11116	01/05/22	01/05/22	1	0	1	0	1	1	0
"CZ1298  "	21	1963	5678	01/05/22	01/05/22	0	0	0	0	1	1	1
"CZ1468  "	21	12786	8602	01/05/22	01/05/22	1	1	0	0	1	1	1
"DA9628  "	22	5500	10542	01/05/22	01/05/22	1	1	0	0	0	1	1
"DJ1059  "	24	4014	1917	01/05/22	01/05/22	0	0	1	1	1	1	1
"DJ5474  "	24	838	7901	01/05/22	01/05/22	0	1	0	0	0	1	0
"EC1725  "	26	13547	8661	01/05/22	01/05/22	1	0	0	1	1	1	1
"EG2587  "	27	1314	4120	01/05/22	01/05/22	0	0	1	0	0	1	1
"EQ3975  "	29	5541	12126	01/05/22	01/05/22	1	0	1	0	0	1	1
"EQ6266  "	29	7830	4435	01/05/22	01/05/22	1	0	1	0	0	1	0
"EQ8738  "	29	13595	936	01/05/22	01/05/22	0	1	0	0	0	1	0
"ET2550  "	32	13437	2888	01/05/22	01/05/22	1	0	0	0	0	1	1
"FA7589  "	33	9651	4080	01/05/22	01/05/22	0	0	0	1	0	1	0
"FI4891  "	34	10330	11988	01/05/22	01/05/22	0	1	0	0	1	1	1
"FI5269  "	34	10314	7637	01/05/22	01/05/22	1	1	0	0	0	1	0
"FR2485  "	35	13041	103	01/05/22	01/05/22	0	1	0	0	0	1	1
"GH5653  "	38	6776	9034	01/05/22	01/05/22	0	1	1	1	1	1	1
"GH5721  "	38	435	3863	01/05/22	01/05/22	1	0	0	0	1	1	0
"GH9809  "	38	9259	11411	01/05/22	01/05/22	0	1	1	1	1	1	1
"GR1231  "	40	5926	878	01/05/22	01/05/22	0	0	0	0	1	1	1
"HU1379  "	44	819	8208	01/05/22	01/05/22	1	0	1	1	1	1	1
"IC2372  "	45	234	3657	01/05/22	01/05/22	0	0	0	0	1	1	0
"IN3739  "	46	4205	11299	01/05/22	01/05/22	0	1	0	1	0	1	1
"IR8748  "	47	11010	8445	01/05/22	01/05/22	1	0	0	0	0	1	0
"IS5250  "	48	10178	6718	01/05/22	01/05/22	1	0	1	0	1	1	0
"IS5663  "	48	12338	6111	01/05/22	01/05/22	1	1	0	0	1	1	1
"IS7810  "	48	11292	11905	01/05/22	01/05/22	1	1	1	0	1	1	0
"IT1998  "	49	11713	5621	01/05/22	01/05/22	0	1	1	0	1	1	0
"JO5098  "	53	12810	10891	01/05/22	01/05/22	0	1	0	0	1	1	0
"KE7705  "	55	13318	10517	01/05/22	01/05/22	0	1	1	1	1	1	0
"KU6354  "	58	12726	11812	01/05/22	01/05/22	1	1	1	1	1	1	1
"KU7426  "	58	12687	3092	01/05/22	01/05/22	1	1	0	0	0	1	1
"LI1914  "	62	10912	11510	01/05/22	01/05/22	0	1	0	1	1	1	0
"LI2388  "	62	7324	2791	01/05/22	01/05/22	1	0	1	0	0	1	0
"LU1430  "	63	1918	5272	01/05/22	01/05/22	1	0	1	0	0	1	1
"ME6633  "	65	5885	11943	01/05/22	01/05/22	0	1	1	1	0	1	0
"MI1559  "	66	12590	8934	01/05/22	01/05/22	1	0	1	0	1	1	0
"MO7626  "	67	8825	3302	01/05/22	01/05/22	0	1	1	0	1	1	1
"MY1173  "	68	6386	344	01/05/22	01/05/22	0	1	1	0	1	1	1
"OM2391  "	73	1892	11290	01/05/22	01/05/22	0	1	1	0	1	1	0
"OM9855  "	73	6370	5560	01/05/22	01/05/22	1	0	0	1	1	1	1
"PU4549  "	78	1908	7525	01/05/22	01/05/22	0	1	0	0	1	1	1
"RE8542  "	80	5219	2756	01/05/22	01/05/22	0	1	1	1	0	1	0
"RU1583  "	82	2317	12413	01/05/22	01/05/22	1	1	1	1	0	1	0
"RU6155  "	82	3143	7618	01/05/22	01/05/22	1	0	0	1	1	1	1
"RW9946  "	83	1529	5782	01/05/22	01/05/22	1	0	1	1	0	1	0
"SE9865  "	85	9136	2884	01/05/22	01/05/22	1	1	0	1	0	1	1
"SR7867  "	90	5346	3372	01/05/22	01/05/22	1	1	1	0	1	1	0
"SW1181  "	93	4712	3411	01/05/22	01/05/22	0	0	1	1	0	1	1
"SW2721  "	93	3319	3309	01/05/22	01/05/22	0	0	0	0	1	1	1
"TA7354  "	95	13420	12979	01/05/22	01/05/22	1	0	0	0	0	1	0
"TU9679  "	99	4712	1975	01/05/22	01/05/22	1	0	0	1	0	1	1
"UN1207  "	102	4308	5845	01/05/22	01/05/22	1	0	0	0	1	1	0
"UN1252  "	102	11273	7751	01/05/22	01/05/22	1	0	0	0	1	1	0
"UZ3487  "	104	2769	8084	01/05/22	01/05/22	0	0	0	1	0	1	1
"VA1121  "	105	9297	10968	01/05/22	01/05/22	1	1	0	1	0	1	0
"VA4961  "	105	1330	11544	01/05/22	01/05/22	1	1	1	1	0	1	0
"WE1087  "	109	2697	8078	01/05/22	01/05/22	0	0	1	0	0	1	1
"YE1695  "	110	12932	205	01/05/22	01/05/22	0	1	1	0	0	1	1
"YE1759  "	110	9817	3107	01/05/22	01/05/22	1	1	1	0	0	1	0
"YE5646  "	110	5220	5611	01/05/22	01/05/22	1	1	1	1	0	1	1
"YU3861  "	111	4833	588	01/05/22	01/05/22	1	0	1	0	1	1	0
"YU9410  "	111	877	4243	01/05/22	01/05/22	1	0	1	1	1	1	0
"ZI4563  "	113	12757	2736	01/05/22	01/05/22	1	0	0	1	0	1	1
"AL1565  "	2	6689	2310	01/05/22	01/05/22	1	1	1	0	0	1	0
"AM2098  "	3	1091	5708	01/05/22	01/05/22	0	1	0	0	0	0	1
"AU7445  "	6	8640	4468	01/05/22	01/05/22	1	1	1	1	0	0	0
"CH1143  "	16	2290	5805	01/05/22	01/05/22	1	1	1	0	1	1	0
"CY5953  "	20	6918	7796	01/05/22	01/05/22	0	1	0	1	1	1	0
"DA1006  "	22	6186	306	01/05/22	01/05/22	1	1	1	1	1	0	0
"DA1858  "	22	2660	10573	01/05/22	01/05/22	1	1	0	0	0	1	0
"DA9243  "	22	11252	7994	01/05/22	01/05/22	0	1	0	0	1	1	0
"DE9844  "	23	8554	6061	01/05/22	01/05/22	0	1	0	1	1	1	0
"DE9918  "	23	5469	7007	01/05/22	01/05/22	0	1	0	1	1	1	1
"DJ6219  "	24	4669	11624	01/05/22	01/05/22	1	1	1	1	1	0	0
"DJ6227  "	24	3298	2685	01/05/22	01/05/22	0	1	1	0	1	1	1
"EG9557  "	27	1312	6818	01/05/22	01/05/22	0	1	1	1	1	1	0
"EQ1050  "	29	13095	12128	01/05/22	01/05/22	0	1	1	1	0	1	1
"EQ3505  "	29	3060	755	01/05/22	01/05/22	1	1	1	0	1	1	1
"EQ8377  "	29	4963	7516	01/05/22	01/05/22	1	1	1	0	1	0	0
"GI9217  "	39	2114	11427	01/05/22	01/05/22	1	1	0	1	0	0	1
"GU1081  "	41	8048	11564	01/05/22	01/05/22	1	1	0	1	0	1	0
"IC3168  "	45	3180	5962	01/05/22	01/05/22	0	1	0	0	1	1	0
"IS2288  "	48	10558	6126	01/05/22	01/05/22	1	1	1	1	1	1	0
"IS3481  "	48	12517	6884	01/05/22	01/05/22	0	1	0	1	0	0	0
"KA9596  "	54	4151	12890	01/05/22	01/05/22	1	1	0	1	0	1	1
"KY9884  "	59	12510	9357	01/05/22	01/05/22	1	1	0	0	0	0	1
"LE3871  "	61	639	7937	01/05/22	01/05/22	0	1	1	1	0	1	1
"MA8885  "	64	5000	6732	01/05/22	01/05/22	0	1	0	1	1	1	1
"MI4813  "	66	13296	10651	01/05/22	01/05/22	0	1	0	0	0	1	1
"NI9531  "	71	2251	2511	01/05/22	01/05/22	1	1	0	1	0	0	0
"NO3314  "	72	1574	5882	01/05/22	01/05/22	1	1	0	0	0	0	0
"OM1640  "	73	13297	7071	01/05/22	01/05/22	0	1	1	1	0	0	1
"PE1783  "	75	456	160	01/05/22	01/05/22	0	1	0	0	1	0	1
"PE3723  "	75	10521	10115	01/05/22	01/05/22	1	1	1	1	0	0	0
"PU1937  "	78	3040	5361	01/05/22	01/05/22	1	1	1	1	0	1	0
"RO2107  "	81	12303	12258	01/05/22	01/05/22	1	1	1	1	1	1	1
"RU4568  "	82	6263	9141	01/05/22	01/05/22	0	1	1	0	0	1	0
"SA5457  "	84	7518	4803	01/05/22	01/05/22	1	1	0	0	0	1	1
"SP5234  "	89	1505	1695	01/05/22	01/05/22	0	1	0	0	1	1	0
"SU8376  "	92	8815	9374	01/05/22	01/05/22	1	1	1	1	1	1	0
"SU9702  "	92	5064	9357	01/05/22	01/05/22	1	1	0	0	1	1	1
"SW2537  "	93	4588	10738	01/05/22	01/05/22	0	1	0	0	0	0	0
"SW9958  "	93	8698	2583	01/05/22	01/05/22	0	1	1	0	1	0	1
"UR1016  "	103	1547	7213	01/05/22	01/05/22	0	1	1	0	0	1	0
"UZ8641  "	104	2093	11623	01/05/22	01/05/22	0	1	1	0	1	0	1
"VA1084  "	105	2225	8532	01/05/22	01/05/22	1	1	0	0	1	1	1
"VA9866  "	105	7801	7449	01/05/22	01/05/22	0	1	1	0	1	1	1
"VE5578  "	106	11414	13373	01/05/22	01/05/22	1	1	1	1	0	0	1
"VE7459  "	106	4093	12030	01/05/22	01/05/22	0	1	1	0	1	0	1
"WA3407  "	108	4365	11804	01/05/22	01/05/22	0	1	0	0	1	1	1
"WA7928  "	108	13575	7661	01/05/22	01/05/22	1	1	1	0	1	0	1
"WE3690  "	109	5381	11996	01/05/22	01/05/22	0	1	0	0	0	1	1
"WE6955  "	109	9121	4988	01/05/22	01/05/22	0	1	1	1	1	1	1
"WE9264  "	109	107	3313	01/05/22	01/05/22	0	1	0	1	1	1	0
"YE2269  "	110	8890	8694	01/05/22	01/05/22	0	1	0	1	1	1	0
"YU5898  "	111	12862	11118	01/05/22	01/05/22	1	1	0	0	0	1	0
"YU5941  "	111	6596	2196	01/05/22	01/05/22	1	1	1	1	0	1	0
"ZA2449  "	112	2587	12132	01/05/22	01/05/22	0	1	0	0	0	1	1
"ZI5699  "	113	469	10993	01/05/22	01/05/22	1	1	1	0	1	1	0
"AN9471  "	4	10178	3836	01/05/22	01/05/22	0	0	0	1	1	1	1
"BA1357  "	8	10055	9639	01/05/22	01/05/22	1	0	1	1	1	1	1
"BO5519  "	11	1726	2372	01/05/22	01/05/22	1	0	1	1	0	0	0
"CE4641  "	15	7174	2536	01/05/22	01/05/22	0	1	0	1	0	1	1
"CY6275  "	20	11057	11969	01/05/22	01/05/22	0	0	0	1	0	0	1
"CZ2670  "	21	7464	2279	01/05/22	01/05/22	1	0	0	1	1	1	1
"CZ5200  "	21	3255	517	01/05/22	01/05/22	1	1	0	1	0	0	0
"CZ5558  "	21	8101	11126	01/05/22	01/05/22	0	1	1	1	1	0	0
"CZ6486  "	21	5715	5928	01/05/22	01/05/22	1	1	1	1	1	1	0
"DJ1922  "	24	5823	13153	01/05/22	01/05/22	0	0	1	1	1	1	0
"DJ4071  "	24	2253	4094	01/05/22	01/05/22	0	1	1	1	0	1	0
"DO8420  "	25	9601	2901	01/05/22	01/05/22	1	1	0	1	0	1	0
"ES5135  "	31	11102	6586	01/05/22	01/05/22	0	0	0	1	0	1	1
"ES8845  "	31	9080	2269	01/05/22	01/05/22	0	1	0	1	0	0	1
"ET8758  "	32	11117	13450	01/05/22	01/05/22	1	0	1	1	0	0	1
"FI4813  "	34	4758	9514	01/05/22	01/05/22	0	1	0	1	0	0	0
"GR1103  "	40	6209	2332	01/05/22	01/05/22	0	1	0	1	0	1	1
"GR5936  "	40	5215	9098	01/05/22	01/05/22	0	0	1	1	0	0	1
"GU5967  "	41	10175	1897	01/05/22	01/05/22	0	0	0	1	0	0	0
"HA3425  "	42	4539	8163	01/05/22	01/05/22	1	0	0	1	0	0	0
"HU3893  "	44	6503	10747	01/05/22	01/05/22	1	1	1	1	1	0	0
"IC4483  "	45	12504	10732	01/05/22	01/05/22	1	1	1	1	1	1	1
"IR1052  "	47	10750	1554	01/05/22	01/05/22	1	1	1	1	0	1	1
"IS1633  "	48	7244	12889	01/05/22	01/05/22	1	1	1	1	1	1	0
"IT8250  "	49	2864	11155	01/05/22	01/05/22	1	0	1	1	0	0	1
"JO1838  "	53	10464	802	01/05/22	01/05/22	1	0	1	1	1	1	0
"KY8417  "	59	9538	4243	01/05/22	01/05/22	0	0	0	1	1	1	0
"LU1550  "	63	10564	6002	01/05/22	01/05/22	1	0	1	1	0	1	0
"LU2021  "	63	5357	11441	01/05/22	01/05/22	1	0	0	1	1	1	0
"ME8447  "	65	6010	2083	01/05/22	01/05/22	0	0	0	1	1	1	1
"MI3105  "	66	6321	8280	01/05/22	01/05/22	0	0	1	1	1	1	0
"MI4997  "	66	270	4380	01/05/22	01/05/22	1	0	0	1	1	0	0
"MY9223  "	68	9376	4700	01/05/22	01/05/22	0	1	0	1	1	0	0
"NE7662  "	70	7742	1345	01/05/22	01/05/22	0	1	0	1	0	1	0
"NI2386  "	71	4170	2090	01/05/22	01/05/22	0	1	1	1	1	0	1
"NO9017  "	72	3204	8564	01/05/22	01/05/22	0	0	0	1	0	0	1
"OM8537  "	73	10880	10572	01/05/22	01/05/22	1	0	0	1	1	0	1
"OM9530  "	73	4106	12620	01/05/22	01/05/22	1	1	1	1	1	1	0
"OM9634  "	73	2721	10445	01/05/22	01/05/22	0	0	0	1	1	0	1
"QA5432  "	79	12927	2974	01/05/22	01/05/22	1	1	1	1	1	0	1
"RU1227  "	82	6398	9248	01/05/22	01/05/22	0	1	0	1	0	1	1
"SE8007  "	85	11563	8486	01/05/22	01/05/22	0	0	1	1	1	0	1
"SW3754  "	93	11362	12349	01/05/22	01/05/22	1	1	1	1	1	0	0
"TA9299  "	95	3529	4256	01/05/22	01/05/22	1	0	1	1	1	0	0
"TH4910  "	96	12311	10265	01/05/22	01/05/22	0	1	1	1	0	0	0
"TH8528  "	96	7601	640	01/05/22	01/05/22	0	0	0	1	0	0	1
"TR3748  "	98	8315	8665	01/05/22	01/05/22	0	0	1	1	1	1	1
"TR3758  "	98	11311	12741	01/05/22	01/05/22	1	1	1	1	1	0	1
"TR6574  "	98	12459	2667	01/05/22	01/05/22	0	1	1	1	1	0	1
"TR8768  "	98	7007	2617	01/05/22	01/05/22	1	0	0	1	1	0	0
"UN3228  "	102	5544	4578	01/05/22	01/05/22	0	0	1	1	0	0	0
"UN5290  "	102	654	4968	01/05/22	01/05/22	0	0	1	1	1	1	1
"UR6184  "	103	4980	13410	01/05/22	01/05/22	1	0	1	1	1	0	1
"UZ5192  "	104	10271	4712	01/05/22	01/05/22	1	1	1	1	0	1	0
"VE8730  "	106	4246	4316	01/05/22	01/05/22	1	0	1	1	0	1	1
"WA2289  "	108	7836	9373	01/05/22	01/05/22	1	0	0	1	0	1	0
"ZA8483  "	112	10147	9319	01/05/22	01/05/22	0	0	0	1	0	1	1
"ZI3596  "	113	3043	3113	01/05/22	01/05/22	0	0	1	1	0	1	1
"ZI4399  "	113	12133	12927	01/05/22	01/05/22	1	0	1	1	0	0	1
"EG6129  "	27	12165	6469	01/05/22	01/05/22	0	0	0	1	0	1	0
"AF1593  "	1	602	64	01/05/22	01/05/22	1	1	1	0	1	1	1
"AF1695  "	1	9575	10016	01/05/22	01/05/22	0	0	1	0	1	1	1
"AL4189  "	2	8111	4904	01/05/22	01/05/22	1	0	0	0	1	1	1
"AL4631  "	2	10231	5039	01/05/22	01/05/22	0	1	0	1	1	1	1
"AL4718  "	2	3063	2525	01/05/22	01/05/22	0	1	1	1	0	1	1
"AM9516  "	3	7771	11058	01/05/22	01/05/22	0	1	1	0	1	1	1
"BE5887  "	9	12696	1336	01/05/22	01/05/22	0	1	0	0	1	1	1
"BE6864  "	9	10392	8155	01/05/22	01/05/22	1	0	0	1	1	1	1
"BR5983  "	12	13443	4871	01/05/22	01/05/22	0	0	1	1	1	1	1
"CO4782  "	17	170	6627	01/05/22	01/05/22	0	1	0	1	1	1	0
"CR6099  "	18	12152	3779	01/05/22	01/05/22	1	0	1	0	1	1	0
"CU6641  "	19	11984	7281	01/05/22	01/05/22	1	1	0	1	0	1	1
"CY1537  "	20	2240	10582	01/05/22	01/05/22	0	1	1	1	1	1	0
"CY2260  "	20	4741	12838	01/05/22	01/05/22	0	1	1	0	1	1	0
"DJ1033  "	24	3077	1017	01/05/22	01/05/22	0	1	1	0	0	1	0
"DJ2162  "	24	11579	13163	01/05/22	01/05/22	0	1	0	1	1	1	1
"DO1505  "	25	1289	334	01/05/22	01/05/22	1	0	0	0	0	1	0
"DO7333  "	25	773	5232	01/05/22	01/05/22	0	0	1	0	1	1	0
"EC1811  "	26	6818	9923	01/05/22	01/05/22	1	0	0	1	1	1	1
"EG1214  "	27	649	3348	01/05/22	01/05/22	0	1	0	0	1	1	0
"EG4106  "	27	6918	6855	01/05/22	01/05/22	1	1	1	0	0	1	0
"EL6230  "	28	1229	12027	01/05/22	01/05/22	1	0	0	0	0	1	0
"EL9452  "	28	6194	7192	01/05/22	01/05/22	0	0	0	0	0	1	1
"EQ3936  "	29	10961	3880	01/05/22	01/05/22	0	1	0	1	1	1	0
"EQ6282  "	29	5785	13180	01/05/22	01/05/22	1	1	0	0	0	1	1
"EQ9143  "	29	1444	11854	01/05/22	01/05/22	1	0	0	0	0	1	0
"FI8561  "	34	5376	10281	01/05/22	01/05/22	1	1	1	0	0	1	0
"FR6347  "	35	12442	11618	01/05/22	01/05/22	0	1	1	0	1	1	0
"GI1669  "	39	3424	8547	01/05/22	01/05/22	0	1	0	1	1	1	0
"GI1774  "	39	1158	8706	01/05/22	01/05/22	0	0	0	0	0	1	1
"HO6112  "	43	8820	6637	01/05/22	01/05/22	0	1	1	0	1	1	1
"IN3473  "	46	13539	13021	01/05/22	01/05/22	0	1	1	0	1	1	1
"IN7688  "	46	12391	6927	01/05/22	01/05/22	1	1	1	1	0	1	0
"IN7951  "	46	464	13356	01/05/22	01/05/22	1	0	0	0	0	1	0
"IR8882  "	47	7725	9800	01/05/22	01/05/22	0	1	0	0	0	1	1
"JA1076  "	51	2597	4528	01/05/22	01/05/22	1	0	1	1	1	1	1
"JE1595  "	52	126	4766	01/05/22	01/05/22	1	1	0	1	1	1	1
"JO4871  "	53	9634	12867	01/05/22	01/05/22	0	0	1	0	0	1	0
"KE4213  "	55	6754	10328	01/05/22	01/05/22	0	0	0	1	1	1	0
"KU8827  "	58	9801	9655	01/05/22	01/05/22	0	0	1	0	0	1	1
"KU8939  "	58	12358	1411	01/05/22	01/05/22	1	1	0	1	1	1	1
"LE7902  "	61	1588	10910	01/05/22	01/05/22	0	1	1	0	1	1	0
"LU8109  "	63	8219	7800	01/05/22	01/05/22	1	1	0	1	1	1	1
"LU8469  "	63	3477	6019	01/05/22	01/05/22	0	1	0	0	0	1	1
"MY1631  "	68	940	7654	01/05/22	01/05/22	0	0	1	1	0	1	1
"NA6883  "	69	1861	11646	01/05/22	01/05/22	1	1	0	1	1	1	1
"NE1885  "	70	12708	10340	01/05/22	01/05/22	1	1	0	0	0	1	1
"NI8619  "	71	1213	4187	01/05/22	01/05/22	1	1	1	0	1	1	1
"OM5317  "	73	10915	13387	01/05/22	01/05/22	1	1	1	1	1	1	1
"PA4453  "	74	2910	11550	01/05/22	01/05/22	0	0	0	0	0	1	0
"QA9375  "	79	13181	9699	01/05/22	01/05/22	1	0	0	1	1	1	1
"RU3521  "	82	10982	8215	01/05/22	01/05/22	1	0	1	0	0	1	0
"RU5789  "	82	8748	13320	01/05/22	01/05/22	1	1	1	1	1	1	1
"SA6469  "	84	12079	8168	01/05/22	01/05/22	1	0	0	1	0	1	0
"SE2030  "	85	11273	3923	01/05/22	01/05/22	0	0	1	1	0	1	1
"SE9624  "	85	4486	8875	01/05/22	01/05/22	1	0	0	0	1	1	1
"SI1161  "	86	2485	1120	01/05/22	01/05/22	0	0	1	1	1	1	1
"SL4067  "	87	3836	11295	01/05/22	01/05/22	0	0	0	1	0	1	1
"SP1386  "	89	2990	12577	01/05/22	01/05/22	1	0	1	1	1	1	1
"SP5740  "	89	1732	477	01/05/22	01/05/22	1	0	0	0	1	1	1
"ST6264  "	91	6171	872	01/05/22	01/05/22	1	0	0	1	0	1	0
"TR1356  "	98	8722	4339	01/05/22	01/05/22	0	0	0	0	1	1	1
"TU9617  "	99	13473	2003	01/05/22	01/05/22	0	0	0	1	0	1	1
"UG9568  "	100	3469	3426	01/05/22	01/05/22	1	1	0	0	0	1	1
"UN6391  "	102	9297	8508	01/05/22	01/05/22	0	0	0	1	1	1	1
"UR1811  "	103	5695	12267	01/05/22	01/05/22	1	1	0	1	1	1	0
"VA3184  "	105	3341	6705	01/05/22	01/05/22	1	1	0	1	0	1	1
"WE1539  "	109	3786	8049	01/05/22	01/05/22	1	0	1	1	1	1	0
"YE5359  "	110	8083	12025	01/05/22	01/05/22	1	1	0	0	0	1	1
"YU1847  "	111	2793	8302	01/05/22	01/05/22	0	1	1	1	1	1	0
"YU4093  "	111	13449	9039	01/05/22	01/05/22	0	1	0	1	1	1	1
"ZA5308  "	112	3139	8102	01/05/22	01/05/22	0	1	0	1	1	1	0
"ZI4344  "	113	8858	13470	01/05/22	01/05/22	0	1	1	0	1	1	0
"HA7931  "	42	3477	6760	01/05/22	01/05/22	1	1	1	1	0	0	0
"AZ1009  "	7	6869	8580	01/05/22	01/05/22	1	1	0	1	1	1	1
"BE5727  "	9	3237	599	01/05/22	01/05/22	0	1	0	1	1	0	0
"BH1470  "	10	12494	4117	01/05/22	01/05/22	1	1	1	1	0	0	0
"BR1290  "	12	6071	10077	01/05/22	01/05/22	0	1	1	0	0	0	0
"BR1457  "	12	3077	4447	01/05/22	01/05/22	1	1	0	0	1	0	1
"CA2301  "	14	4278	2060	01/05/22	01/05/22	1	1	1	0	0	1	1
"CE1083  "	15	5360	11630	01/05/22	01/05/22	1	1	0	1	1	0	0
"CZ6952  "	21	8299	5534	01/05/22	01/05/22	0	1	0	0	1	0	0
"DA2497  "	22	975	4193	01/05/22	01/05/22	0	1	0	1	0	0	1
"EG9749  "	27	5650	8657	01/05/22	01/05/22	1	1	1	0	1	0	0
"EL4882  "	28	6900	5592	01/05/22	01/05/22	1	1	0	1	1	0	0
"ER6966  "	30	9049	12474	01/05/22	01/05/22	1	1	1	1	0	0	1
"ER7681  "	30	4094	5779	01/05/22	01/05/22	1	1	0	0	1	0	0
"FA2015  "	33	10857	639	01/05/22	01/05/22	1	1	1	0	1	1	1
"FI9861  "	34	11360	5658	01/05/22	01/05/22	0	1	1	1	1	0	0
"GH1666  "	38	10426	2639	01/05/22	01/05/22	1	1	1	0	0	1	1
"GH4879  "	38	4163	5429	01/05/22	01/05/22	0	1	0	1	1	1	0
"GR6339  "	40	3078	4150	01/05/22	01/05/22	1	1	0	0	1	1	0
"GU5132  "	41	6482	4131	01/05/22	01/05/22	1	1	0	0	1	1	0
"GU5527  "	41	468	13533	01/05/22	01/05/22	1	1	0	1	1	0	1
"HA3800  "	42	3873	13097	01/05/22	01/05/22	1	1	0	1	1	1	0
"HO3370  "	43	647	7013	01/05/22	01/05/22	1	1	1	0	0	1	1
"IS3355  "	48	3473	1125	01/05/22	01/05/22	0	1	0	0	1	0	0
"IS5690  "	48	10809	5939	01/05/22	01/05/22	1	1	1	1	1	0	0
"KU3278  "	58	10265	2815	01/05/22	01/05/22	1	1	0	0	1	1	0
"LI8475  "	62	4546	4052	01/05/22	01/05/22	0	1	1	1	0	1	1
"LU6719  "	63	1243	7269	01/05/22	01/05/22	1	1	1	0	1	1	1
"LU6921  "	63	4725	9838	01/05/22	01/05/22	1	1	0	1	1	0	0
"ME1880  "	65	6507	11282	01/05/22	01/05/22	1	1	1	0	1	0	1
"ME1947  "	65	42	9628	01/05/22	01/05/22	0	1	1	0	0	0	0
"ME9864  "	65	6763	2503	01/05/22	01/05/22	1	1	1	0	1	1	1
"MO1947  "	67	3947	2933	01/05/22	01/05/22	0	1	1	0	1	0	1
"MY1645  "	68	3341	2509	01/05/22	01/05/22	0	1	1	0	1	0	0
"MY7102  "	68	3947	7002	01/05/22	01/05/22	1	1	1	0	1	1	0
"NA3144  "	69	13485	2230	01/05/22	01/05/22	1	1	1	1	0	0	0
"NO1831  "	72	10208	11253	01/05/22	01/05/22	0	1	1	0	0	1	0
"OM2423  "	73	4401	6842	01/05/22	01/05/22	1	1	0	0	1	1	1
"PE3762  "	75	12299	2965	01/05/22	01/05/22	0	1	1	1	0	0	1
"PE3991  "	75	7535	12298	01/05/22	01/05/22	0	1	1	0	1	0	0
"RE1188  "	80	8552	10893	01/05/22	01/05/22	0	1	1	0	1	1	1
"RE1387  "	80	11151	11005	01/05/22	01/05/22	1	1	0	1	1	1	1
"RO2227  "	81	6331	6229	01/05/22	01/05/22	1	1	0	1	0	0	1
"RO5672  "	81	5887	1624	01/05/22	01/05/22	1	1	0	0	0	1	1
"RU1981  "	82	11873	7709	01/05/22	01/05/22	0	1	0	1	1	0	0
"SA5290  "	84	3657	5590	01/05/22	01/05/22	0	1	1	0	0	0	1
"SO1192  "	88	8543	1615	01/05/22	01/05/22	1	1	0	1	0	0	1
"SP1461  "	89	11548	12840	01/05/22	01/05/22	0	1	1	0	1	0	0
"ST1791  "	91	6850	4753	01/05/22	01/05/22	1	1	0	1	1	1	1
"ST1861  "	91	4781	10413	01/05/22	01/05/22	1	1	1	0	0	1	1
"ST1920  "	91	10949	4716	01/05/22	01/05/22	1	1	0	1	0	0	1
"TA5985  "	95	7783	4372	01/05/22	01/05/22	0	1	1	0	0	0	0
"TO2260  "	97	10243	10698	01/05/22	01/05/22	1	1	0	1	1	1	0
"TR7790  "	98	8316	3271	01/05/22	01/05/22	1	1	1	0	0	1	1
"TU5175  "	99	2981	3611	01/05/22	01/05/22	1	1	1	1	0	0	0
"UG5231  "	100	2686	209	01/05/22	01/05/22	1	1	0	0	0	1	0
"UR1450  "	103	9335	8656	01/05/22	01/05/22	0	1	1	0	1	0	1
"VA7543  "	105	8402	11759	01/05/22	01/05/22	1	1	0	1	0	1	1
"VE7420  "	106	10768	2557	01/05/22	01/05/22	0	1	0	0	0	0	0
"WA9146  "	108	10156	11101	01/05/22	01/05/22	1	1	0	0	1	1	1
"WE1608  "	109	3168	8530	01/05/22	01/05/22	0	1	1	0	1	0	0
"YE1563  "	110	1732	8600	01/05/22	01/05/22	0	1	1	1	1	0	0
"AM8723  "	3	11881	10457	01/05/22	01/05/22	0	0	0	1	0	0	1
"BA1306  "	8	5131	12302	01/05/22	01/05/22	0	0	1	1	0	0	1
"BA5176  "	8	7461	12582	01/05/22	01/05/22	0	0	1	1	0	0	0
"BU9204  "	13	8823	2586	01/05/22	01/05/22	1	0	0	1	1	0	0
"CA8627  "	14	9991	10015	01/05/22	01/05/22	0	1	1	1	0	0	0
"CE1746  "	15	9495	4000	01/05/22	01/05/22	1	1	0	1	1	0	1
"CE2441  "	15	10874	6102	01/05/22	01/05/22	1	1	1	1	0	0	0
"CZ6290  "	21	7593	8256	01/05/22	01/05/22	0	0	1	1	0	0	1
"ET1474  "	32	3864	1163	01/05/22	01/05/22	0	1	1	1	1	1	1
"FA2458  "	33	10665	12338	01/05/22	01/05/22	1	1	1	1	1	0	0
"FR5940  "	35	5282	6174	01/05/22	01/05/22	1	0	1	1	1	1	1
"HU4004  "	44	11879	7908	01/05/22	01/05/22	0	1	0	1	0	0	0
"IR1307  "	47	8177	1447	01/05/22	01/05/22	1	0	1	1	0	0	1
"IR2713  "	47	745	367	01/05/22	01/05/22	1	0	0	1	0	0	0
"IS1589  "	48	12526	7093	01/05/22	01/05/22	1	1	1	1	1	0	1
"IS7199  "	48	13390	3439	01/05/22	01/05/22	0	1	0	1	0	0	0
"IT7474  "	49	8756	1220	01/05/22	01/05/22	0	0	1	1	0	1	1
"KE7081  "	55	7243	10205	01/05/22	01/05/22	1	1	0	1	0	0	1
"KU4448  "	58	2846	5814	01/05/22	01/05/22	1	0	0	1	1	1	1
"KY8456  "	59	5964	13595	01/05/22	01/05/22	0	0	1	1	0	1	0
"LA2287  "	60	2227	3437	01/05/22	01/05/22	1	1	1	1	1	1	1
"LU7406  "	63	427	3309	01/05/22	01/05/22	1	0	1	1	1	0	0
"MA9826  "	64	9832	1943	01/05/22	01/05/22	1	1	1	1	1	0	0
"MI7897  "	66	4019	11566	01/05/22	01/05/22	0	0	0	1	0	0	0
"MO2272  "	67	4487	9364	01/05/22	01/05/22	0	0	0	1	1	0	1
"MO9806  "	67	4887	12836	01/05/22	01/05/22	1	0	0	1	1	1	0
"NA9372  "	69	13122	5891	01/05/22	01/05/22	0	1	1	1	0	1	0
"NO9390  "	72	7910	2527	01/05/22	01/05/22	0	0	0	1	1	0	0
"OM3069  "	73	5083	11996	01/05/22	01/05/22	0	1	1	1	1	0	1
"OM9007  "	73	6664	3718	01/05/22	01/05/22	1	1	1	1	1	1	0
"PE8074  "	75	12556	7701	01/05/22	01/05/22	1	0	0	1	1	1	1
"PU2752  "	78	6882	5023	01/05/22	01/05/22	1	0	0	1	0	0	1
"RU2599  "	82	10887	11315	01/05/22	01/05/22	1	0	0	1	1	1	0
"RW9426  "	83	10872	9004	01/05/22	01/05/22	1	1	1	1	1	0	1
"SP3100  "	89	962	3181	01/05/22	01/05/22	0	0	0	1	1	0	0
"SP3985  "	89	952	6599	01/05/22	01/05/22	1	0	1	1	1	0	0
"SP4186  "	89	1799	7267	01/05/22	01/05/22	0	1	0	1	1	0	0
"SR1605  "	90	6928	611	01/05/22	01/05/22	1	1	1	1	1	0	1
"SU6625  "	92	11446	4891	01/05/22	01/05/22	0	0	1	1	0	0	1
"SU9729  "	92	11893	7207	01/05/22	01/05/22	0	1	0	1	1	0	0
"TA6707  "	95	1737	9209	01/05/22	01/05/22	0	1	0	1	1	0	1
"TA9362  "	95	1036	8893	01/05/22	01/05/22	1	1	1	1	1	1	1
"TH7696  "	96	4765	7868	01/05/22	01/05/22	0	1	1	1	1	0	1
"TH7743  "	96	6218	9698	01/05/22	01/05/22	0	1	1	1	0	0	0
"TO1356  "	97	12648	6892	01/05/22	01/05/22	0	0	0	1	1	1	1
"TR5729  "	98	4304	11432	01/05/22	01/05/22	0	1	1	1	0	0	0
"TU2276  "	99	939	10955	01/05/22	01/05/22	1	1	1	1	1	1	1
"UG9714  "	100	5051	11622	01/05/22	01/05/22	1	0	1	1	0	1	1
"UR6773  "	103	3783	5947	01/05/22	01/05/22	1	0	1	1	1	0	1
"VE2582  "	106	3179	3869	01/05/22	01/05/22	0	1	1	1	1	1	1
"VE8777  "	106	299	2076	01/05/22	01/05/22	0	1	1	1	0	1	1
"VI1376  "	107	2769	7522	01/05/22	01/05/22	1	0	1	1	0	0	0
"VI2936  "	107	169	6053	01/05/22	01/05/22	1	0	0	1	0	1	1
"YU5775  "	111	1005	420	01/05/22	01/05/22	1	1	0	1	1	1	0
"ZA1817  "	112	2211	1852	01/05/22	01/05/22	0	1	1	1	0	0	0
"HA7134  "	42	9124	6076	01/05/22	01/05/22	1	0	1	1	0	1	0
"HA7226  "	42	2727	12635	01/05/22	01/05/22	0	1	1	1	0	1	1
"AF2604  "	1	11776	3062	01/05/22	01/05/22	0	1	0	0	0	1	0
"AF9140  "	1	7876	11207	01/05/22	01/05/22	0	0	1	0	0	1	1
"AL9851  "	2	4546	2199	01/05/22	01/05/22	1	0	0	1	1	1	0
"AZ1395  "	7	1772	8652	01/05/22	01/05/22	1	0	1	0	0	1	0
"AZ4490  "	7	3033	3948	01/05/22	01/05/22	0	0	0	0	1	1	0
"BE7234  "	9	5918	4670	01/05/22	01/05/22	1	0	0	0	1	1	0
"CO6787  "	17	7442	13487	01/05/22	01/05/22	1	0	0	1	0	1	1
"CR2596  "	18	6213	11687	01/05/22	01/05/22	0	0	0	1	0	1	1
"CR6194  "	18	4943	8572	01/05/22	01/05/22	1	1	1	0	0	1	0
"CR9954  "	18	6926	11417	01/05/22	01/05/22	1	1	1	1	1	1	0
"CY6681  "	20	9482	1276	01/05/22	01/05/22	1	0	1	0	1	1	1
"DA7844  "	22	2571	10142	01/05/22	01/05/22	0	1	0	0	0	1	1
"DA7971  "	22	6380	4443	01/05/22	01/05/22	0	1	0	0	1	1	1
"DO1434  "	25	8567	11697	01/05/22	01/05/22	0	1	1	0	1	1	0
"DO4220  "	25	13009	3975	01/05/22	01/05/22	0	0	1	0	1	1	0
"ER8710  "	30	13010	13021	01/05/22	01/05/22	1	1	1	1	1	1	0
"ES1959  "	31	5999	1921	01/05/22	01/05/22	0	1	0	0	1	1	1
"FA6555  "	33	2131	11006	01/05/22	01/05/22	1	1	0	0	0	1	1
"FR1682  "	35	9815	13489	01/05/22	01/05/22	1	0	0	1	0	1	1
"FR2649  "	35	10565	9194	01/05/22	01/05/22	1	0	1	0	1	1	0
"GA2241  "	36	8577	11486	01/05/22	01/05/22	1	0	0	1	1	1	1
"GR1256  "	40	3383	3590	01/05/22	01/05/22	1	0	1	1	1	1	1
"HO7026  "	43	12797	614	01/05/22	01/05/22	1	0	1	0	0	1	1
"HU1484  "	44	2330	7538	01/05/22	01/05/22	0	1	1	1	1	1	1
"JA1317  "	51	5215	2694	01/05/22	01/05/22	0	1	0	1	0	1	1
"KA1711  "	54	793	11593	01/05/22	01/05/22	1	1	1	1	0	1	0
"KE9992  "	55	2787	2543	01/05/22	01/05/22	1	0	0	0	0	1	0
"LE7942  "	61	1561	10362	01/05/22	01/05/22	0	1	0	0	1	1	0
"ME7126  "	65	3788	4212	01/05/22	01/05/22	1	0	0	0	0	1	0
"MI6121  "	66	3683	11687	01/05/22	01/05/22	0	0	1	0	0	1	1
"MO9957  "	67	4769	3953	01/05/22	01/05/22	1	1	1	0	1	1	1
"NA7045  "	69	8217	4206	01/05/22	01/05/22	0	0	1	1	0	1	0
"NO2662  "	72	2040	1444	01/05/22	01/05/22	0	1	1	0	0	1	1
"PA5756  "	74	12784	28	01/05/22	01/05/22	0	1	1	1	1	1	1
"PE7892  "	75	4904	4581	01/05/22	01/05/22	1	1	0	0	1	1	0
"PU1394  "	78	7364	1178	01/05/22	01/05/22	0	0	1	0	1	1	1
"PU2144  "	78	1695	718	01/05/22	01/05/22	0	1	1	1	0	1	1
"PU8477  "	78	10623	1997	01/05/22	01/05/22	1	1	1	1	0	1	1
"PU9526  "	78	8981	1699	01/05/22	01/05/22	0	1	0	0	1	1	1
"QA8126  "	79	6858	7415	01/05/22	01/05/22	0	0	1	1	1	1	1
"RE9402  "	80	11195	12323	01/05/22	01/05/22	1	0	0	0	1	1	0
"RU1614  "	82	12503	4202	01/05/22	01/05/22	1	1	0	1	0	1	0
"RW1385  "	83	1395	10706	01/05/22	01/05/22	1	0	0	0	0	1	0
"RW4715  "	83	4528	1692	01/05/22	01/05/22	1	1	0	0	0	1	0
"SA9105  "	84	10481	6711	01/05/22	01/05/22	1	0	0	1	1	1	1
"SE9782  "	85	8890	4052	01/05/22	01/05/22	0	0	0	0	0	1	1
"SI1796  "	86	11644	4835	01/05/22	01/05/22	0	0	0	1	0	1	1
"SP1214  "	89	9394	4515	01/05/22	01/05/22	1	0	1	0	0	1	1
"SU7567  "	92	3811	12865	01/05/22	01/05/22	0	0	1	0	1	1	0
"SU7668  "	92	9917	2995	01/05/22	01/05/22	1	1	0	0	0	1	1
"SY3663  "	94	10820	5433	01/05/22	01/05/22	1	0	0	0	0	1	0
"SY3777  "	94	3731	12760	01/05/22	01/05/22	1	1	1	1	0	1	1
"TH1018  "	96	10556	80	01/05/22	01/05/22	1	0	0	1	1	1	0
"TO8091  "	97	12959	9692	01/05/22	01/05/22	1	0	0	1	0	1	1
"TR1349  "	98	13424	8052	01/05/22	01/05/22	0	0	1	0	1	1	1
"TU6722  "	99	13390	6658	01/05/22	01/05/22	1	0	1	1	1	1	1
"UN1561  "	102	1534	10230	01/05/22	01/05/22	0	0	1	1	0	1	1
"UR4131  "	103	7589	8189	01/05/22	01/05/22	1	0	0	1	1	1	0
"UZ3734  "	104	744	8328	01/05/22	01/05/22	0	1	0	0	0	1	1
"ZA3488  "	112	3805	7565	01/05/22	01/05/22	0	1	0	1	1	1	1
"ZA3726  "	112	13492	13270	01/05/22	01/05/22	0	0	1	0	1	1	0
"AL5125  "	2	9820	5515	01/05/22	01/05/22	1	1	0	0	1	1	0
"AU5181  "	6	5944	7557	01/05/22	01/05/22	0	1	0	1	1	0	1
"BR6888  "	12	5011	618	01/05/22	01/05/22	0	1	0	1	0	1	1
"CR1165  "	18	1417	7883	01/05/22	01/05/22	0	1	1	1	0	1	1
"CU1839  "	19	11687	9953	01/05/22	01/05/22	0	1	1	0	0	1	1
"CU3614  "	19	3986	10491	01/05/22	01/05/22	1	1	1	0	0	0	1
"CZ3280  "	21	11271	10349	01/05/22	01/05/22	0	1	0	0	0	1	0
"CZ9223  "	21	7865	10912	01/05/22	01/05/22	0	1	1	0	1	0	0
"DA1964  "	22	7291	10572	01/05/22	01/05/22	0	1	0	0	0	0	1
"ET6429  "	32	11087	6417	01/05/22	01/05/22	1	1	0	1	1	0	1
"FI6999  "	34	5594	9175	01/05/22	01/05/22	0	1	0	0	1	1	0
"GA8185  "	36	9162	509	01/05/22	01/05/22	0	1	0	0	0	1	1
"GA8856  "	36	6303	10724	01/05/22	01/05/22	0	1	1	0	0	1	1
"GI4933  "	39	3297	5893	01/05/22	01/05/22	1	1	1	0	1	0	1
"HA8232  "	42	1207	8409	01/05/22	01/05/22	0	1	1	1	1	0	0
"HU7373  "	44	3459	2319	01/05/22	01/05/22	0	1	1	0	0	0	0
"IC9039  "	45	8392	4160	01/05/22	01/05/22	1	1	0	0	1	1	1
"IS6717  "	48	2673	9442	01/05/22	01/05/22	0	1	0	0	1	0	1
"LE1980  "	61	5586	9628	01/05/22	01/05/22	0	1	1	0	0	0	1
"LI4816  "	62	369	10665	01/05/22	01/05/22	1	1	0	1	0	1	0
"LU4397  "	63	7104	10160	01/05/22	01/05/22	0	1	0	0	0	1	1
"MA2687  "	64	436	13070	01/05/22	01/05/22	0	1	1	1	1	1	0
"NE1760  "	70	502	2314	01/05/22	01/05/22	1	1	0	0	0	0	1
"OM1698  "	73	3829	11156	01/05/22	01/05/22	1	1	0	1	0	0	1
"OM6175  "	73	8252	9951	01/05/22	01/05/22	0	1	0	0	0	0	0
"PO4262  "	77	1951	9926	01/05/22	01/05/22	1	1	1	1	0	1	1
"PO7630  "	77	6397	8709	01/05/22	01/05/22	1	1	0	0	1	0	1
"RO8416  "	81	1580	12243	01/05/22	01/05/22	0	1	1	0	1	1	1
"SP2033  "	89	11443	7921	01/05/22	01/05/22	0	1	0	1	0	1	0
"TA6083  "	95	2902	1310	01/05/22	01/05/22	0	1	1	1	0	0	0
"UK8677  "	101	2532	6111	01/05/22	01/05/22	1	1	0	0	0	1	0
"UR3888  "	103	3577	9235	01/05/22	01/05/22	0	1	1	1	1	0	1
"VA1003  "	105	6269	9390	01/05/22	01/05/22	1	1	0	0	1	0	0
"VA7510  "	105	7089	1259	01/05/22	01/05/22	1	1	1	1	0	1	0
"VE1086  "	106	8707	12536	01/05/22	01/05/22	0	1	1	0	1	1	0
"VE2914  "	106	6061	12870	01/05/22	01/05/22	1	1	1	0	0	0	0
"VI9366  "	107	10765	9231	01/05/22	01/05/22	0	1	0	0	1	0	0
"VI9747  "	107	8816	2865	01/05/22	01/05/22	0	1	0	1	0	0	1
"WA4376  "	108	2674	4633	01/05/22	01/05/22	0	1	0	1	1	0	0
"WE4138  "	109	5853	7417	01/05/22	01/05/22	0	1	1	0	0	0	0
"ZA3043  "	112	4759	1898	01/05/22	01/05/22	0	1	0	1	0	1	1
"AF1389  "	1	7800	11215	01/05/22	01/05/22	0	1	1	1	0	0	0
"AL4815  "	2	8866	9645	01/05/22	01/05/22	1	1	1	1	0	1	0
"BO6014  "	11	6724	4188	01/05/22	01/05/22	0	1	1	1	0	1	0
"BR2146  "	12	12937	3520	01/05/22	01/05/22	0	0	1	1	1	0	1
"BR6989  "	12	12861	11238	01/05/22	01/05/22	1	0	0	1	1	0	0
"BR8009  "	12	376	11396	01/05/22	01/05/22	0	0	1	1	1	1	0
"BR8352  "	12	2022	10349	01/05/22	01/05/22	0	0	0	1	1	0	0
"BU9494  "	13	8994	5788	01/05/22	01/05/22	1	0	0	1	0	0	0
"CE8912  "	15	10706	12320	01/05/22	01/05/22	0	0	1	1	1	1	1
"DJ1830  "	24	12315	5469	01/05/22	01/05/22	1	1	1	1	1	1	0
"EG7409  "	27	7708	13085	01/05/22	01/05/22	1	1	1	1	0	0	1
"EQ5643  "	29	7404	12585	01/05/22	01/05/22	0	0	0	1	1	0	1
"ER1210  "	30	5814	10623	01/05/22	01/05/22	1	1	0	1	1	0	1
"ER9385  "	30	1910	8382	01/05/22	01/05/22	1	1	1	1	1	0	0
"ES5263  "	31	1892	5659	01/05/22	01/05/22	1	1	1	1	1	1	1
"ET1398  "	32	8717	12464	01/05/22	01/05/22	1	1	0	1	0	0	1
"FA1315  "	33	10329	7835	01/05/22	01/05/22	0	0	1	1	1	1	1
"FA4737  "	33	13132	11790	01/05/22	01/05/22	1	0	1	1	1	1	1
"FA9398  "	33	9306	2056	01/05/22	01/05/22	0	0	0	1	0	0	1
"FI1421  "	34	922	13505	01/05/22	01/05/22	0	0	0	1	0	1	0
"GA6779  "	36	12272	8301	01/05/22	01/05/22	0	0	0	1	0	0	0
"GI1334  "	39	7234	3907	01/05/22	01/05/22	0	0	0	1	0	1	0
"GU7108  "	41	4644	2673	01/05/22	01/05/22	1	1	0	1	0	0	1
"HA4422  "	42	319	4834	01/05/22	01/05/22	1	1	0	1	1	0	0
"HA4714  "	42	6294	6118	01/05/22	01/05/22	1	1	0	1	0	1	0
"HO1384  "	43	9688	10270	01/05/22	01/05/22	0	0	0	1	1	0	0
"IC1620  "	45	1355	5955	01/05/22	01/05/22	1	0	1	1	0	1	0
"IC1681  "	45	10879	7054	01/05/22	01/05/22	0	0	1	1	0	1	1
"IC9867  "	45	8789	1185	01/05/22	01/05/22	1	1	0	1	1	1	1
"IR1148  "	47	12330	12949	01/05/22	01/05/22	0	1	0	1	0	0	0
"IS1220  "	48	13093	12730	01/05/22	01/05/22	1	1	1	1	0	0	1
"IS7434  "	48	8858	4515	01/05/22	01/05/22	1	1	1	1	0	1	1
"KO1939  "	57	12850	480	01/05/22	01/05/22	0	1	0	1	0	0	1
"KY4605  "	59	2174	11080	01/05/22	01/05/22	0	0	0	1	1	0	0
"LA7187  "	60	4138	2378	01/05/22	01/05/22	1	1	0	1	0	1	0
"LU1995  "	63	1934	5030	01/05/22	01/05/22	0	0	1	1	1	1	1
"LU2149  "	63	11263	10383	01/05/22	01/05/22	0	1	1	1	0	1	1
"MA9476  "	64	5255	8105	01/05/22	01/05/22	0	1	0	1	1	1	0
"MY4580  "	68	12101	3156	01/05/22	01/05/22	1	0	1	1	0	0	0
"NA7193  "	69	6235	1951	01/05/22	01/05/22	1	0	1	1	1	1	0
"NE8309  "	70	6857	13541	01/05/22	01/05/22	1	0	1	1	1	1	0
"NI3114  "	71	9	10828	01/05/22	01/05/22	0	0	1	1	0	0	0
"NI6189  "	71	4327	2804	01/05/22	01/05/22	0	1	1	1	1	1	1
"PU6779  "	78	897	4009	01/05/22	01/05/22	0	1	1	1	1	0	1
"RE3718  "	80	1501	12438	01/05/22	01/05/22	1	0	1	1	0	1	0
"RE9419  "	80	10378	5714	01/05/22	01/05/22	1	0	1	1	1	1	0
"RU2997  "	82	4909	4686	01/05/22	01/05/22	0	0	0	1	0	1	1
"SE8133  "	85	1371	757	01/05/22	01/05/22	1	0	1	1	0	0	0
"SO9879  "	88	11500	896	01/05/22	01/05/22	1	1	0	1	0	1	1
"SU1208  "	92	6316	5263	01/05/22	01/05/22	0	1	0	1	0	0	1
"SW3507  "	93	9882	9963	01/05/22	01/05/22	1	0	0	1	0	0	0
"SY6471  "	94	6332	5586	01/05/22	01/05/22	0	0	0	1	1	1	0
"TH8825  "	96	9118	8463	01/05/22	01/05/22	0	1	0	1	0	0	0
"TO1301  "	97	2003	8068	01/05/22	01/05/22	0	1	0	1	1	1	0
"TR8654  "	98	850	13464	01/05/22	01/05/22	0	1	0	1	1	1	1
"UG1668  "	100	7649	4805	01/05/22	01/05/22	1	0	0	1	1	1	1
"UN5158  "	102	1519	10581	01/05/22	01/05/22	0	0	0	1	0	1	1
"VE5342  "	106	2302	9258	01/05/22	01/05/22	1	0	1	1	0	0	0
"WA9878  "	108	10908	1690	01/05/22	01/05/22	1	1	1	1	0	0	0
"YU7713  "	111	304	9916	01/05/22	01/05/22	0	0	1	1	1	0	0
"ZI9898  "	113	11101	7338	01/05/22	01/05/22	1	0	0	1	0	0	1
"AF6285  "	1	3	2574	01/05/22	01/05/22	0	1	1	0	1	1	0
"AM9153  "	3	7703	6347	01/05/22	01/05/22	1	0	0	0	0	1	0
"AN1080  "	4	1979	465	01/05/22	01/05/22	0	1	1	1	1	1	0
"AN7471  "	4	13561	2343	01/05/22	01/05/22	0	0	1	1	0	1	1
"BE3752  "	9	12185	10713	01/05/22	01/05/22	0	0	1	0	0	1	0
"BR7073  "	12	13318	5294	01/05/22	01/05/22	0	1	0	1	1	1	0
"CY1294  "	20	157	2030	01/05/22	01/05/22	1	1	0	0	1	1	0
"CY1407  "	20	3239	12702	01/05/22	01/05/22	1	0	1	1	1	1	1
"EC7911  "	26	9253	9039	01/05/22	01/05/22	1	1	0	0	1	1	0
"EL9413  "	28	12333	1945	01/05/22	01/05/22	1	0	0	1	1	1	0
"EQ8725  "	29	10930	9282	01/05/22	01/05/22	1	0	1	1	1	1	1
"ER3170  "	30	5617	5679	01/05/22	01/05/22	0	0	1	0	0	1	0
"ER8284  "	30	4722	2969	01/05/22	01/05/22	0	0	1	1	0	1	0
"ES3110  "	31	3441	7275	01/05/22	01/05/22	1	1	1	1	0	1	0
"GE3077  "	37	6765	8704	01/05/22	01/05/22	1	1	1	0	0	1	0
"GU8241  "	41	1313	8070	01/05/22	01/05/22	0	0	0	0	0	1	0
"GU8401  "	41	10200	13483	01/05/22	01/05/22	1	1	1	0	0	1	1
"HA6525  "	42	8766	10524	01/05/22	01/05/22	0	0	0	0	0	1	1
"IS3789  "	48	2348	6357	01/05/22	01/05/22	0	0	1	0	1	1	1
"IS5788  "	48	7538	3947	01/05/22	01/05/22	1	1	1	1	0	1	0
"IS7512  "	48	1547	10431	01/05/22	01/05/22	1	1	0	1	0	1	0
"JE5131  "	52	12224	11025	01/05/22	01/05/22	1	0	0	0	0	1	0
"KA5277  "	54	3982	8917	01/05/22	01/05/22	1	0	1	1	1	1	0
"KE1023  "	55	1151	8365	01/05/22	01/05/22	1	1	0	1	0	1	1
"KU3732  "	58	13084	2212	01/05/22	01/05/22	0	0	0	0	1	1	1
"KY4939  "	59	10052	3352	01/05/22	01/05/22	0	0	0	1	1	1	1
"LI6782  "	62	10592	4370	01/05/22	01/05/22	1	1	1	1	0	1	0
"ME4809  "	65	3674	5936	01/05/22	01/05/22	1	1	1	1	0	1	1
"MI1566  "	66	429	7289	01/05/22	01/05/22	1	0	1	0	0	1	0
"MO3589  "	67	13229	10591	01/05/22	01/05/22	0	1	0	1	0	1	0
"NE9868  "	70	8191	1419	01/05/22	01/05/22	0	0	1	0	0	1	0
"NI1031  "	71	8105	9283	01/05/22	01/05/22	0	0	1	0	1	1	1
"NI6638  "	71	4240	9651	01/05/22	01/05/22	0	1	0	1	0	1	1
"NO2426  "	72	8981	7041	01/05/22	01/05/22	1	0	0	1	1	1	0
"OM2364  "	73	9806	3149	01/05/22	01/05/22	1	0	1	0	1	1	1
"PH4932  "	76	7180	6165	01/05/22	01/05/22	1	0	1	0	0	1	1
"PH9007  "	76	1669	10479	01/05/22	01/05/22	1	1	1	0	1	1	0
"QA8300  "	79	12805	9670	01/05/22	01/05/22	0	0	1	0	0	1	1
"RE6127  "	80	1081	3261	01/05/22	01/05/22	1	0	0	1	0	1	0
"RE6396  "	80	2521	8796	01/05/22	01/05/22	0	1	0	0	0	1	0
"RU8179  "	82	6478	3267	01/05/22	01/05/22	1	1	1	0	1	1	1
"RU9412  "	82	2957	923	01/05/22	01/05/22	1	0	0	0	1	1	0
"TH1099  "	96	13148	8817	01/05/22	01/05/22	0	1	0	0	0	1	0
"UR1757  "	103	5506	12545	01/05/22	01/05/22	0	1	0	0	0	1	0
"UR4062  "	103	5570	3824	01/05/22	01/05/22	0	1	0	1	0	1	0
"VA1142  "	105	814	5345	01/05/22	01/05/22	0	0	1	0	1	1	0
"WA7584  "	108	12426	7708	01/05/22	01/05/22	0	1	1	1	1	1	0
"WE1577  "	109	1943	61	01/05/22	01/05/22	0	0	0	1	0	1	0
"YE9828  "	110	4579	8264	01/05/22	01/05/22	0	1	1	1	0	1	1
"AR1368  "	5	5447	384	01/05/22	01/05/22	1	1	1	0	1	0	0
"AR1457  "	5	2653	7234	01/05/22	01/05/22	0	1	0	0	0	1	0
"BH1526  "	10	8787	6125	01/05/22	01/05/22	1	1	0	1	0	0	0
"BR6883  "	12	10946	11911	01/05/22	01/05/22	0	1	1	0	1	1	0
"CO2915  "	17	1187	10887	01/05/22	01/05/22	0	1	1	1	0	0	1
"CR1783  "	18	2043	12541	01/05/22	01/05/22	1	1	0	1	0	0	0
"CU9943  "	19	2922	5929	01/05/22	01/05/22	0	1	1	0	1	0	0
"CY1649  "	20	7302	4250	01/05/22	01/05/22	1	1	1	1	0	1	0
"CY7944  "	20	6053	4923	01/05/22	01/05/22	1	1	0	0	1	1	0
"CY9353  "	20	2708	1508	01/05/22	01/05/22	0	1	0	0	0	1	0
"CZ6756  "	21	7215	7458	01/05/22	01/05/22	0	1	1	0	1	0	1
"CZ8994  "	21	12771	10219	01/05/22	01/05/22	1	1	0	1	1	1	1
"DA7491  "	22	1066	3470	01/05/22	01/05/22	1	1	0	0	0	1	0
"DO4016  "	25	3497	8707	01/05/22	01/05/22	0	1	0	1	0	1	1
"ET6395  "	32	332	6750	01/05/22	01/05/22	0	1	0	1	0	1	0
"FA1940  "	33	13261	9903	01/05/22	01/05/22	0	1	1	0	1	0	0
"FA2056  "	33	9014	5609	01/05/22	01/05/22	0	1	1	1	1	1	0
"GA9779  "	36	9346	1405	01/05/22	01/05/22	0	1	0	1	1	0	0
"GE1078  "	37	11447	5971	01/05/22	01/05/22	1	1	0	1	1	1	1
"GE4080  "	37	11895	8853	01/05/22	01/05/22	1	1	1	0	1	0	0
"GI7370  "	39	1509	1366	01/05/22	01/05/22	0	1	0	0	1	1	0
"IR1084  "	47	12189	5376	01/05/22	01/05/22	1	1	0	0	0	1	0
"IR7835  "	47	3001	9652	01/05/22	01/05/22	0	1	1	0	1	1	1
"IT1400  "	49	4296	8516	01/05/22	01/05/22	1	1	1	1	0	1	1
"IT5184  "	49	7468	10566	01/05/22	01/05/22	1	1	0	1	0	0	1
"JE8589  "	52	1772	1998	01/05/22	01/05/22	0	1	1	0	1	0	1
"JO2688  "	53	4324	10900	01/05/22	01/05/22	0	1	1	1	1	0	1
"KA4100  "	54	1830	4147	01/05/22	01/05/22	0	1	0	0	0	1	0
"KE2977  "	55	5862	8366	01/05/22	01/05/22	1	1	1	1	1	1	0
"KY9414  "	59	198	9942	01/05/22	01/05/22	1	1	1	0	0	1	0
"LA1583  "	60	4838	13504	01/05/22	01/05/22	0	1	1	0	1	0	0
"LA1785  "	60	2960	1850	01/05/22	01/05/22	0	1	0	0	1	0	0
"LE1789  "	61	7910	3796	01/05/22	01/05/22	1	1	1	1	1	0	1
"LE4763  "	61	6173	1449	01/05/22	01/05/22	0	1	0	1	0	1	0
"LE9210  "	61	174	2998	01/05/22	01/05/22	0	1	1	0	1	0	0
"LE9260  "	61	3827	8688	01/05/22	01/05/22	0	1	0	0	1	1	1
"LI2386  "	62	8315	2057	01/05/22	01/05/22	1	1	0	0	0	1	0
"LU9907  "	63	3289	5333	01/05/22	01/05/22	1	1	0	0	0	0	0
"MA9671  "	64	8812	9522	01/05/22	01/05/22	1	1	0	0	1	0	0
"MY7132  "	68	8640	9292	01/05/22	01/05/22	1	1	0	1	1	0	1
"NE4665  "	70	10714	8083	01/05/22	01/05/22	0	1	1	1	0	1	1
"NE7507  "	70	8197	1898	01/05/22	01/05/22	1	1	1	0	1	0	1
"PA6532  "	74	10828	8541	01/05/22	01/05/22	0	1	0	0	1	0	1
"PE1738  "	75	5575	9005	01/05/22	01/05/22	1	1	1	1	1	1	1
"PO4213  "	77	126	12897	01/05/22	01/05/22	0	1	0	1	0	1	0
"PO8131  "	77	552	4585	01/05/22	01/05/22	0	1	1	0	1	1	1
"RO5050  "	81	5555	123	01/05/22	01/05/22	0	1	0	1	0	0	0
"RU3887  "	82	595	8377	01/05/22	01/05/22	0	1	0	1	0	1	0
"SA1082  "	84	9913	11673	01/05/22	01/05/22	1	1	1	0	1	0	0
"SA7395  "	84	2487	7244	01/05/22	01/05/22	0	1	0	0	0	0	1
"SI9168  "	86	6246	8210	01/05/22	01/05/22	0	1	1	1	1	0	0
"ST2058  "	91	5866	6227	01/05/22	01/05/22	0	1	0	0	0	0	1
"SU7878  "	92	1026	612	01/05/22	01/05/22	0	1	1	0	0	1	0
"SU8392  "	92	1353	1863	01/05/22	01/05/22	0	1	0	0	0	1	0
"SW2420  "	93	7290	939	01/05/22	01/05/22	1	1	1	0	0	0	1
"SY2659  "	94	12307	5828	01/05/22	01/05/22	1	1	0	1	0	0	0
"TH1794  "	96	6866	12611	01/05/22	01/05/22	0	1	1	1	1	0	0
"TO8490  "	97	6423	10122	01/05/22	01/05/22	0	1	0	0	0	0	1
"TR7969  "	98	6438	451	01/05/22	01/05/22	0	1	0	0	1	1	1
"UR4360  "	103	5761	11439	01/05/22	01/05/22	0	1	0	0	1	0	1
"VE6307  "	106	6876	12739	01/05/22	01/05/22	1	1	1	1	0	0	1
"WA2516  "	108	8641	10332	01/05/22	01/05/22	0	1	1	0	1	0	0
"WA6595  "	108	11890	3659	01/05/22	01/05/22	0	1	1	0	1	1	0
"WE1472  "	109	7	2495	01/05/22	01/05/22	1	1	0	0	1	1	0
"WE9199  "	109	6048	3443	01/05/22	01/05/22	0	1	1	1	0	0	0
"YE2356  "	110	2372	7459	01/05/22	01/05/22	0	1	0	0	1	0	0
"YU2178  "	111	291	6147	01/05/22	01/05/22	1	1	1	1	1	1	0
"YU8897  "	111	10329	6297	01/05/22	01/05/22	1	1	1	1	0	1	0
"AL5028  "	2	10874	4156	01/05/22	01/05/22	1	0	1	1	0	0	0
"AM1058  "	3	11175	7350	01/05/22	01/05/22	0	0	1	1	0	0	1
"AM5153  "	3	4661	3671	01/05/22	01/05/22	0	1	0	1	1	1	0
"AM5188  "	3	4395	2873	01/05/22	01/05/22	1	1	1	1	0	0	0
"AM8556  "	3	7849	2891	01/05/22	01/05/22	0	0	1	1	1	0	0
"BU2566  "	13	1716	2306	01/05/22	01/05/22	1	0	0	1	0	1	1
"CA2097  "	14	11530	10516	01/05/22	01/05/22	1	1	0	1	0	1	1
"CZ2433  "	21	6558	8432	01/05/22	01/05/22	0	0	0	1	0	1	1
"DJ1168  "	24	7374	5704	01/05/22	01/05/22	1	1	0	1	0	1	0
"DJ2862  "	24	8434	4632	01/05/22	01/05/22	1	1	1	1	0	1	0
"EC1093  "	26	2476	2611	01/05/22	01/05/22	0	1	1	1	1	0	0
"EQ5819  "	29	1963	2809	01/05/22	01/05/22	0	1	1	1	1	1	1
"ES1016  "	31	13589	850	01/05/22	01/05/22	1	1	1	1	1	1	0
"ET1849  "	32	3028	8937	01/05/22	01/05/22	1	0	1	1	1	1	1
"ET9077  "	32	11820	211	01/05/22	01/05/22	0	1	1	1	1	0	1
"FA4243  "	33	6249	9511	01/05/22	01/05/22	1	0	1	1	1	1	1
"FI5678  "	34	13021	2665	01/05/22	01/05/22	0	1	1	1	0	0	1
"GR6212  "	40	13439	449	01/05/22	01/05/22	1	1	1	1	0	1	0
"HA1676  "	42	4267	425	01/05/22	01/05/22	0	0	0	1	0	0	1
"HU2142  "	44	9253	4272	01/05/22	01/05/22	1	0	0	1	1	1	1
"JO1831  "	53	2835	8736	01/05/22	01/05/22	0	0	1	1	0	0	1
"KI5725  "	56	11790	10863	01/05/22	01/05/22	0	1	1	1	1	0	0
"KY2007  "	59	6026	6043	01/05/22	01/05/22	1	0	0	1	0	1	1
"LA1715  "	60	6300	6501	01/05/22	01/05/22	0	1	1	1	1	0	0
"LA6144  "	60	10405	243	01/05/22	01/05/22	0	1	0	1	1	1	1
"LE7729  "	61	10280	10684	01/05/22	01/05/22	1	0	0	1	0	0	1
"MO2459  "	67	12708	10820	01/05/22	01/05/22	1	1	1	1	1	0	1
"MY9298  "	68	9063	7505	01/05/22	01/05/22	1	1	0	1	0	1	1
"NA9179  "	69	3208	12038	01/05/22	01/05/22	1	0	0	1	1	0	1
"NI3285  "	71	10607	12424	01/05/22	01/05/22	1	1	1	1	1	1	1
"OM2670  "	73	5946	2832	01/05/22	01/05/22	0	0	1	1	1	0	1
"PO9812  "	77	4557	5254	01/05/22	01/05/22	1	1	0	1	1	1	1
"PU7091  "	78	656	12708	01/05/22	01/05/22	0	0	0	1	1	0	1
"RU1260  "	82	10515	4837	01/05/22	01/05/22	1	0	1	1	0	0	1
"RW9053  "	83	3276	8587	01/05/22	01/05/22	1	0	0	1	0	0	1
"SA6784  "	84	3722	12484	01/05/22	01/05/22	0	0	1	1	1	1	0
"SA6942  "	84	3998	1850	01/05/22	01/05/22	0	1	0	1	0	1	0
"SP3212  "	89	9565	7814	01/05/22	01/05/22	0	1	0	1	1	1	0
"SR4603  "	90	12759	7772	01/05/22	01/05/22	1	0	0	1	1	1	1
"SU1166  "	92	12996	6343	01/05/22	01/05/22	1	1	0	1	0	1	1
"SU1955  "	92	4552	1850	01/05/22	01/05/22	0	1	0	1	0	1	0
"TA6155  "	95	3903	5724	01/05/22	01/05/22	1	1	1	1	0	1	0
"TO2823  "	97	1969	7854	01/05/22	01/05/22	0	0	0	1	0	0	0
"TR5772  "	98	7217	6225	01/05/22	01/05/22	1	0	0	1	0	1	1
"UN1559  "	102	11862	6961	01/05/22	01/05/22	0	1	1	1	1	1	0
"UR1922  "	103	12151	10309	01/05/22	01/05/22	0	0	0	1	0	1	1
"VI2364  "	107	10999	7404	01/05/22	01/05/22	0	1	1	1	1	1	1
"ZI3642  "	113	9987	555	01/05/22	01/05/22	0	0	1	1	0	1	1
"ZI9270  "	113	6416	7146	01/05/22	01/05/22	1	0	1	1	1	0	0
"AF2098  "	1	8880	6039	01/05/22	01/05/22	0	1	0	0	0	1	1
"AF2299  "	1	9826	2428	01/05/22	01/05/22	0	0	1	0	0	1	1
"AN1127  "	4	427	10485	01/05/22	01/05/22	0	0	1	0	0	1	0
"AN7391  "	4	10046	5790	01/05/22	01/05/22	1	0	0	0	0	1	0
"AR1732  "	5	7950	9646	01/05/22	01/05/22	1	0	1	0	1	1	0
"AZ4238  "	7	5924	4853	01/05/22	01/05/22	0	1	1	0	0	1	1
"BE6014  "	9	6240	3033	01/05/22	01/05/22	0	0	0	1	1	1	1
"BH9773  "	10	126	5143	01/05/22	01/05/22	1	1	1	0	0	1	0
"BR6194  "	12	9741	5681	01/05/22	01/05/22	0	0	1	1	0	1	0
"BR9379  "	12	2768	1613	01/05/22	01/05/22	1	0	1	1	1	1	0
"CY2031  "	20	2534	472	01/05/22	01/05/22	1	0	0	0	1	1	1
"DA7919  "	22	6052	7100	01/05/22	01/05/22	1	0	1	1	0	1	0
"DA9811  "	22	12472	8917	01/05/22	01/05/22	0	0	1	1	0	1	0
"DJ5523  "	24	5925	6762	01/05/22	01/05/22	0	0	0	0	0	1	0
"DO7243  "	25	12614	1576	01/05/22	01/05/22	1	0	1	1	1	1	1
"EG4104  "	27	8914	13553	01/05/22	01/05/22	0	0	1	1	0	1	1
"EL5093  "	28	12906	6174	01/05/22	01/05/22	0	1	1	1	0	1	0
"ET2901  "	32	6013	13076	01/05/22	01/05/22	1	1	0	0	1	1	0
"ET3573  "	32	7228	7687	01/05/22	01/05/22	1	1	0	1	1	1	1
"ET3656  "	32	6265	1050	01/05/22	01/05/22	0	0	1	1	1	1	1
"FA6670  "	33	2665	12573	01/05/22	01/05/22	1	0	1	1	1	1	0
"FI4210  "	34	2526	3937	01/05/22	01/05/22	1	0	0	1	1	1	0
"FI8706  "	34	12802	2122	01/05/22	01/05/22	0	1	1	0	1	1	1
"GI1006  "	39	4172	8393	01/05/22	01/05/22	0	0	0	1	0	1	0
"HO2895  "	43	11045	1938	01/05/22	01/05/22	1	1	1	1	1	1	1
"HU1397  "	44	7013	6163	01/05/22	01/05/22	1	0	1	0	0	1	1
"IR8079  "	47	4892	10613	01/05/22	01/05/22	0	0	0	1	1	1	0
"IS6212  "	48	2246	5466	01/05/22	01/05/22	1	1	1	1	0	1	1
"IT1944  "	49	5734	7889	01/05/22	01/05/22	0	0	1	0	0	1	0
"JA3985  "	51	12469	7068	01/05/22	01/05/22	1	0	1	0	0	1	0
"JE5087  "	52	7235	12927	01/05/22	01/05/22	0	0	0	1	1	1	1
"KA1205  "	54	873	12784	01/05/22	01/05/22	1	0	0	1	1	1	1
"KE1092  "	55	11411	5396	01/05/22	01/05/22	1	0	1	0	0	1	1
"KO8631  "	57	4858	5714	01/05/22	01/05/22	0	0	0	0	1	1	1
"KU1988  "	58	4659	7910	01/05/22	01/05/22	0	0	1	1	1	1	1
"LI1695  "	62	10288	2955	01/05/22	01/05/22	1	0	1	1	1	1	0
"LU8418  "	63	5883	10521	01/05/22	01/05/22	1	1	1	1	1	1	1
"MO3991  "	67	5976	13464	01/05/22	01/05/22	0	1	0	1	0	1	0
"MY1539  "	68	10008	5397	01/05/22	01/05/22	0	1	1	0	1	1	1
"NA2931  "	69	11548	11759	01/05/22	01/05/22	1	0	0	0	1	1	1
"NI1737  "	71	9253	6383	01/05/22	01/05/22	1	1	1	1	0	1	1
"NI8613  "	71	7225	11694	01/05/22	01/05/22	0	0	0	0	1	1	0
"OM5234  "	73	12665	12256	01/05/22	01/05/22	0	1	0	1	0	1	1
"PA4899  "	74	576	1175	01/05/22	01/05/22	1	0	0	0	0	1	0
"PA5770  "	74	6668	8516	01/05/22	01/05/22	0	1	0	1	0	1	0
"PU3727  "	78	6078	9895	01/05/22	01/05/22	0	0	0	1	1	1	0
"RE7971  "	80	13044	7148	01/05/22	01/05/22	0	1	1	0	0	1	0
"RU3773  "	82	7414	6708	01/05/22	01/05/22	0	0	0	1	1	1	1
"RW1313  "	83	3050	868	01/05/22	01/05/22	1	0	0	1	0	1	0
"SE2183  "	85	5741	9044	01/05/22	01/05/22	0	0	0	0	1	1	1
"SL5789  "	87	10721	2842	01/05/22	01/05/22	1	0	0	0	1	1	1
"SP6456  "	89	3561	1063	01/05/22	01/05/22	1	0	0	1	0	1	0
"ST6331  "	91	7525	77	01/05/22	01/05/22	1	1	1	0	0	1	1
"SW1117  "	93	6303	2889	01/05/22	01/05/22	0	1	0	0	1	1	0
"TO7933  "	97	7344	4000	01/05/22	01/05/22	1	0	0	0	0	1	0
"TO8115  "	97	12831	1267	01/05/22	01/05/22	1	1	1	0	1	1	1
"TU6607  "	99	7009	10192	01/05/22	01/05/22	0	0	1	1	0	1	1
"UG8301  "	100	9782	10554	01/05/22	01/05/22	1	1	1	0	0	1	0
"UR1901  "	103	12141	1930	01/05/22	01/05/22	1	0	0	1	1	1	0
"UZ2619  "	104	205	6428	01/05/22	01/05/22	1	0	1	1	1	1	0
"VA3255  "	105	935	550	01/05/22	01/05/22	1	0	1	0	1	1	0
"WA6807  "	108	12991	4333	01/05/22	01/05/22	0	0	0	1	1	1	1
"WE2355  "	109	13497	11944	01/05/22	01/05/22	1	0	0	1	0	1	1
"WE4320  "	109	3355	10858	01/05/22	01/05/22	1	0	0	0	1	1	1
"WE5900  "	109	2723	7151	01/05/22	01/05/22	1	1	1	1	0	1	0
"YE1443  "	110	126	10811	01/05/22	01/05/22	1	1	1	0	1	1	0
"YE9704  "	110	7871	342	01/05/22	01/05/22	1	1	1	0	0	1	0
"YU3645  "	111	2439	6097	01/05/22	01/05/22	0	1	1	1	0	1	0
"AL1496  "	2	9859	109	01/05/22	01/05/22	1	1	1	1	1	0	0
"AM3587  "	3	3041	9045	01/05/22	01/05/22	1	1	1	0	1	1	0
"AM7092  "	3	6930	8436	01/05/22	01/05/22	1	1	1	0	1	1	1
"AN8133  "	4	11353	2470	01/05/22	01/05/22	1	1	1	1	1	1	0
"AR1856  "	5	12224	3414	01/05/22	01/05/22	1	1	1	0	1	1	1
"AU2018  "	6	4906	5958	01/05/22	01/05/22	1	1	0	0	1	0	0
"AU5013  "	6	13081	8930	01/05/22	01/05/22	0	1	1	0	0	1	0
"BE1205  "	9	2853	7516	01/05/22	01/05/22	0	1	0	1	1	1	0
"BE5154  "	9	10581	4267	01/05/22	01/05/22	1	1	0	1	1	0	0
"BE6752  "	9	2484	12528	01/05/22	01/05/22	1	1	1	0	1	1	1
"CR1798  "	18	9743	3052	01/05/22	01/05/22	0	1	0	1	1	1	1
"CU1823  "	19	2596	4160	01/05/22	01/05/22	0	1	1	1	0	0	1
"CY9125  "	20	1660	1233	01/05/22	01/05/22	1	1	1	0	0	0	1
"CZ9571  "	21	4131	12407	01/05/22	01/05/22	1	1	1	1	1	0	0
"DA7421  "	22	9430	9574	01/05/22	01/05/22	0	1	0	0	0	1	1
"EG4304  "	27	11111	2358	01/05/22	01/05/22	0	1	1	1	0	0	0
"GA5891  "	36	2117	12497	01/05/22	01/05/22	0	1	1	0	1	0	0
"GH4681  "	38	13501	5493	01/05/22	01/05/22	0	1	0	0	1	1	1
"GI2655  "	39	3264	13134	01/05/22	01/05/22	0	1	0	1	1	0	0
"GI5123  "	39	4630	12318	01/05/22	01/05/22	1	1	1	0	1	1	1
"HA3337  "	42	2541	7345	01/05/22	01/05/22	0	1	1	0	1	0	0
"HA6956  "	42	7214	4813	01/05/22	01/05/22	1	1	1	1	0	1	0
"HU9854  "	44	9637	5400	01/05/22	01/05/22	1	1	1	1	1	0	1
"IN7324  "	46	3248	3678	01/05/22	01/05/22	1	1	1	0	0	0	0
"IN7570  "	46	6379	4606	01/05/22	01/05/22	0	1	0	1	0	1	1
"JA6685  "	51	8035	7109	01/05/22	01/05/22	0	1	1	1	1	1	0
"JO2832  "	53	23	9644	01/05/22	01/05/22	0	1	1	0	0	1	1
"KA4307  "	54	12428	10037	01/05/22	01/05/22	1	1	1	1	1	0	0
"KI1346  "	56	6784	4971	01/05/22	01/05/22	1	1	0	0	1	1	0
"LA3861  "	60	1841	6638	01/05/22	01/05/22	0	1	0	0	0	1	0
"LA4476  "	60	9162	12632	01/05/22	01/05/22	1	1	1	1	1	1	0
"LI1388  "	62	12073	5562	01/05/22	01/05/22	0	1	0	1	0	1	0
"LI4843  "	62	10863	8549	01/05/22	01/05/22	1	1	0	0	1	1	1
"MA2350  "	64	12879	7822	01/05/22	01/05/22	0	1	0	0	1	0	0
"MA8708  "	64	834	5711	01/05/22	01/05/22	0	1	0	1	1	1	1
"ME1955  "	65	1267	5963	01/05/22	01/05/22	0	1	0	1	0	0	1
"MI8337  "	66	3542	2232	01/05/22	01/05/22	1	1	1	1	1	0	0
"MO5337  "	67	10680	1486	01/05/22	01/05/22	1	1	1	1	0	0	1
"MY1845  "	68	6582	1078	01/05/22	01/05/22	1	1	0	0	0	1	0
"NE4849  "	70	13414	6622	01/05/22	01/05/22	1	1	1	1	1	1	0
"NO1123  "	72	12258	5793	01/05/22	01/05/22	1	1	0	0	1	1	1
"NO2014  "	72	8045	9709	01/05/22	01/05/22	0	1	0	0	1	0	1
"PA6519  "	74	12361	6746	01/05/22	01/05/22	0	1	1	1	0	1	0
"PE1747  "	75	8509	1800	01/05/22	01/05/22	1	1	0	1	1	0	1
"PH1971  "	76	7338	6743	01/05/22	01/05/22	0	1	0	1	1	0	0
"QA2559  "	79	11440	400	01/05/22	01/05/22	1	1	1	0	1	1	1
"RO8407  "	81	5813	2055	01/05/22	01/05/22	0	1	0	0	0	0	1
"RU4766  "	82	12754	3043	01/05/22	01/05/22	1	1	0	1	0	1	1
"SA7369  "	84	399	7696	01/05/22	01/05/22	0	1	0	0	1	1	1
"SI9215  "	86	2729	119	01/05/22	01/05/22	0	1	0	0	0	1	0
"SP5226  "	89	1925	12718	01/05/22	01/05/22	0	1	1	0	1	0	1
"ST1931  "	91	7181	10900	01/05/22	01/05/22	0	1	0	1	0	1	1
"SU8011  "	92	12632	3739	01/05/22	01/05/22	0	1	0	1	1	1	0
"TA8962  "	95	2271	2710	01/05/22	01/05/22	1	1	1	1	0	0	1
"UG5106  "	100	9859	9193	01/05/22	01/05/22	1	1	1	0	0	1	0
"UZ2402  "	104	4114	8118	01/05/22	01/05/22	0	1	1	0	1	0	0
"WA2076  "	108	11194	2371	01/05/22	01/05/22	1	1	1	1	1	0	1
"WA3767  "	108	7534	3998	01/05/22	01/05/22	0	1	1	1	1	0	1
"WE6986  "	109	2545	12404	01/05/22	01/05/22	1	1	0	1	0	0	1
"YU2395  "	111	12085	1156	01/05/22	01/05/22	0	1	1	1	0	1	0
"YU8805  "	111	3113	11813	01/05/22	01/05/22	0	1	0	1	0	0	1
"YU9092  "	111	10427	9231	01/05/22	01/05/22	1	1	0	0	0	1	1
"AM1107  "	3	5940	4356	01/05/22	01/05/22	0	0	1	1	0	1	0
"AN2447  "	4	11663	6496	01/05/22	01/05/22	1	0	1	1	1	1	0
"BH1664  "	10	9346	7888	01/05/22	01/05/22	1	0	1	1	0	0	1
"BO4634  "	11	12226	4436	01/05/22	01/05/22	0	0	1	1	1	1	1
"BO6062  "	11	1549	7604	01/05/22	01/05/22	0	1	1	1	1	0	0
"BR2253  "	12	10860	5829	01/05/22	01/05/22	1	1	1	1	0	1	1
"BR8073  "	12	7448	5891	01/05/22	01/05/22	1	0	1	1	1	0	1
"BU9401  "	13	2927	8074	01/05/22	01/05/22	0	0	1	1	1	1	0
"CH2864  "	16	4595	10804	01/05/22	01/05/22	1	1	1	1	1	0	1
"CY6235  "	20	322	7764	01/05/22	01/05/22	1	0	0	1	0	1	1
"DA5411  "	22	4827	12595	01/05/22	01/05/22	1	0	0	1	0	1	0
"DJ3005  "	24	6556	6572	01/05/22	01/05/22	1	1	0	1	0	0	1
"DO8754  "	25	2075	1904	01/05/22	01/05/22	0	1	0	1	1	1	0
"DO9259  "	25	1218	11892	01/05/22	01/05/22	0	1	1	1	1	1	0
"EG1795  "	27	10514	1526	01/05/22	01/05/22	0	0	1	1	1	1	0
"EL6063  "	28	9737	1616	01/05/22	01/05/22	0	0	0	1	0	1	1
"EQ6984  "	29	13437	3896	01/05/22	01/05/22	0	0	0	1	0	0	1
"ER3634  "	30	5641	10132	01/05/22	01/05/22	1	1	0	1	0	1	1
"ET1896  "	32	7817	8547	01/05/22	01/05/22	0	1	1	1	1	1	0
"FA2057  "	33	2295	11556	01/05/22	01/05/22	1	1	0	1	0	0	0
"FI1406  "	34	11634	3735	01/05/22	01/05/22	0	0	1	1	0	0	0
"GE2570  "	37	3302	7726	01/05/22	01/05/22	1	0	0	1	0	1	1
"GH5908  "	38	10543	1547	01/05/22	01/05/22	1	0	0	1	1	1	1
"GI1403  "	39	8184	9243	01/05/22	01/05/22	0	0	0	1	1	1	0
"GR9005  "	40	12156	12567	01/05/22	01/05/22	0	0	0	1	1	1	1
"IS1068  "	48	2246	839	01/05/22	01/05/22	0	0	1	1	0	1	0
"IT7404  "	49	6200	7660	01/05/22	01/05/22	0	1	1	1	1	1	1
"JE1544  "	52	6556	5855	01/05/22	01/05/22	1	0	1	1	1	0	1
"KE3497  "	55	12598	10265	01/05/22	01/05/22	0	1	0	1	0	0	1
"KI5982  "	56	1152	7113	01/05/22	01/05/22	0	1	0	1	1	1	1
"KU5132  "	58	5657	11147	01/05/22	01/05/22	1	1	1	1	1	1	1
"LA9150  "	60	8981	3178	01/05/22	01/05/22	1	0	0	1	1	0	0
"LA9424  "	60	8498	12503	01/05/22	01/05/22	1	0	0	1	1	0	0
"LE7752  "	61	2887	5043	01/05/22	01/05/22	0	0	1	1	1	0	1
"LI9821  "	62	4280	8328	01/05/22	01/05/22	1	1	1	1	1	0	0
"MI7811  "	66	8892	11485	01/05/22	01/05/22	1	1	0	1	0	0	0
"MI7915  "	66	134	5308	01/05/22	01/05/22	1	1	1	1	0	0	1
"NA7293  "	69	2439	4502	01/05/22	01/05/22	1	0	0	1	1	1	1
"NE6126  "	70	12020	12961	01/05/22	01/05/22	0	0	1	1	0	1	1
"RE7946  "	80	5385	9168	01/05/22	01/05/22	0	0	1	1	0	1	1
"SE2233  "	85	9273	10627	01/05/22	01/05/22	1	1	1	1	1	1	0
"TA2823  "	95	7835	11080	01/05/22	01/05/22	1	0	1	1	1	0	0
"TU1955  "	99	6128	12632	01/05/22	01/05/22	1	1	0	1	1	1	1
"UG8138  "	100	10479	6808	01/05/22	01/05/22	1	0	1	1	1	1	1
"UK4625  "	101	9056	11219	01/05/22	01/05/22	0	1	0	1	1	0	0
"UN1376  "	102	9310	11750	01/05/22	01/05/22	1	0	0	1	1	0	1
"UN3134  "	102	4633	11791	01/05/22	01/05/22	0	1	0	1	0	0	1
"UZ5723  "	104	2982	209	01/05/22	01/05/22	1	0	1	1	0	1	1
"VE1125  "	106	8675	9677	01/05/22	01/05/22	1	1	0	1	0	0	1
"VE5274  "	106	10190	8598	01/05/22	01/05/22	0	0	1	1	1	0	0
"WA2249  "	108	12887	75	01/05/22	01/05/22	1	0	1	1	0	1	1
"YE1160  "	110	7437	6390	01/05/22	01/05/22	1	1	1	1	0	1	0
"YU1866  "	111	11203	12439	01/05/22	01/05/22	0	0	1	1	0	1	0
"YU1921  "	111	7538	7499	01/05/22	01/05/22	0	1	1	1	0	1	0
"YU4482  "	111	125	8922	01/05/22	01/05/22	0	1	1	1	0	0	1
"YU8433  "	111	868	11124	01/05/22	01/05/22	1	1	0	1	0	0	1
"ZA1761  "	112	191	39	01/05/22	01/05/22	1	1	0	1	0	0	1
"ZA2282  "	112	2821	7972	01/05/22	01/05/22	0	1	0	1	1	1	1
"AF1363  "	1	5037	8335	01/05/22	01/05/22	0	1	0	0	1	1	0
"AF8582  "	1	2520	314	01/05/22	01/05/22	0	0	1	1	1	1	0
"AL9953  "	2	13474	12611	01/05/22	01/05/22	1	1	1	1	1	1	0
"AN1018  "	4	4343	3013	01/05/22	01/05/22	1	1	1	0	1	1	0
"AR1728  "	5	4695	3561	01/05/22	01/05/22	0	1	0	1	0	1	1
"AU8732  "	6	10800	7691	01/05/22	01/05/22	0	1	0	0	1	1	0
"BE4124  "	9	3061	13384	01/05/22	01/05/22	1	0	0	1	1	1	0
"BO1018  "	11	7532	4497	01/05/22	01/05/22	0	1	1	1	0	1	1
"CA3719  "	14	12002	393	01/05/22	01/05/22	0	0	0	0	1	1	0
"CE3855  "	15	867	8683	01/05/22	01/05/22	1	0	0	0	0	1	1
"CO4710  "	17	7027	13330	01/05/22	01/05/22	0	1	0	0	0	1	1
"CO6862  "	17	1139	3527	01/05/22	01/05/22	1	1	1	0	0	1	0
"CR2443  "	18	6892	6757	01/05/22	01/05/22	0	1	1	1	1	1	0
"CU7988  "	19	3237	4675	01/05/22	01/05/22	0	0	1	0	1	1	1
"CU8154  "	19	13069	2723	01/05/22	01/05/22	1	1	0	1	1	1	0
"DO4163  "	25	10582	8312	01/05/22	01/05/22	1	1	1	0	0	1	0
"EC7626  "	26	5649	6989	01/05/22	01/05/22	0	0	0	0	1	1	0
"EL2581  "	28	8032	3635	01/05/22	01/05/22	1	0	1	1	1	1	1
"EL5194  "	28	10373	9160	01/05/22	01/05/22	1	0	1	1	0	1	1
"EQ9356  "	29	9517	13100	01/05/22	01/05/22	1	1	0	0	1	1	0
"ER3332  "	30	12120	5400	01/05/22	01/05/22	1	1	1	1	1	1	1
"ES3992  "	31	4630	4081	01/05/22	01/05/22	1	1	0	1	1	1	0
"FR6591  "	35	1236	2485	01/05/22	01/05/22	1	1	0	1	0	1	1
"GI8799  "	39	13578	13393	01/05/22	01/05/22	0	1	0	0	1	1	0
"GU8191  "	41	9399	12611	01/05/22	01/05/22	0	1	0	0	1	1	0
"HA6702  "	42	2337	238	01/05/22	01/05/22	0	1	0	0	1	1	1
"HO3216  "	43	11099	9651	01/05/22	01/05/22	1	0	0	1	0	1	0
"IC2641  "	45	10824	11788	01/05/22	01/05/22	0	1	1	1	0	1	0
"IN4143  "	46	2419	6298	01/05/22	01/05/22	1	1	1	0	1	1	1
"IR8147  "	47	6050	3030	01/05/22	01/05/22	1	0	0	0	1	1	1
"JA3386  "	51	6733	4009	01/05/22	01/05/22	0	0	1	1	1	1	1
"KE9887  "	55	3993	3071	01/05/22	01/05/22	0	1	0	0	1	1	1
"KU4044  "	58	11053	978	01/05/22	01/05/22	1	1	1	0	1	1	1
"LI3003  "	62	4443	13387	01/05/22	01/05/22	0	1	1	0	1	1	1
"ME3943  "	65	11151	6929	01/05/22	01/05/22	1	0	1	0	0	1	0
"MI1657  "	66	2182	4671	01/05/22	01/05/22	1	1	1	1	1	1	0
"MI1970  "	66	4869	2943	01/05/22	01/05/22	1	0	0	0	1	1	1
"MO7640  "	67	6412	7143	01/05/22	01/05/22	0	1	1	0	1	1	0
"NA2400  "	69	6476	11109	01/05/22	01/05/22	0	1	1	0	1	1	0
"NI1618  "	71	11121	11310	01/05/22	01/05/22	1	0	1	0	1	1	1
"NI6650  "	71	3077	1834	01/05/22	01/05/22	0	0	0	0	0	1	1
"PA4921  "	74	11217	11204	01/05/22	01/05/22	1	1	0	0	0	1	1
"PE6721  "	75	11482	11370	01/05/22	01/05/22	1	0	0	1	0	1	0
"PU6174  "	78	2821	2121	01/05/22	01/05/22	1	1	1	0	0	1	1
"SE1587  "	85	7849	170	01/05/22	01/05/22	0	1	0	1	1	1	0
"SL5666  "	87	10367	969	01/05/22	01/05/22	0	0	1	0	1	1	0
"SR5053  "	90	4515	10385	01/05/22	01/05/22	1	1	1	0	1	1	0
"SR5325  "	90	747	4539	01/05/22	01/05/22	1	0	0	1	1	1	0
"SR7674  "	90	6924	12889	01/05/22	01/05/22	1	1	1	0	0	1	0
"SY3700  "	94	4096	5360	01/05/22	01/05/22	0	0	0	0	1	1	0
"SY3770  "	94	443	5093	01/05/22	01/05/22	0	0	1	0	1	1	0
"SY5178  "	94	3208	6344	01/05/22	01/05/22	0	1	0	0	1	1	0
"TA7090  "	95	9900	6037	01/05/22	01/05/22	0	1	1	1	1	1	1
"UN1237  "	102	3779	9185	01/05/22	01/05/22	0	0	1	1	0	1	0
"UN6147  "	102	13221	2880	01/05/22	01/05/22	0	1	0	1	1	1	1
"UR4774  "	103	4120	5097	01/05/22	01/05/22	0	1	0	0	1	1	0
"ZI1982  "	113	8819	4869	01/05/22	01/05/22	0	1	0	0	0	1	1
"AM6843  "	3	1366	3529	01/05/22	01/05/22	1	1	0	0	0	1	0
"AR1842  "	5	1688	10599	01/05/22	01/05/22	0	1	0	1	1	1	1
"BA8686  "	8	9063	6651	01/05/22	01/05/22	0	1	0	1	0	1	0
"BR1241  "	12	4408	963	01/05/22	01/05/22	1	1	0	0	1	1	0
"CA8640  "	14	2763	310	01/05/22	01/05/22	1	1	0	0	1	0	0
"CA9503  "	14	11423	3891	01/05/22	01/05/22	1	1	1	1	1	0	1
"CE3437  "	15	11939	18	01/05/22	01/05/22	0	1	1	0	1	1	0
"CH1230  "	16	13281	7133	01/05/22	01/05/22	1	1	1	1	1	0	0
"CH4992  "	16	7271	6176	01/05/22	01/05/22	0	1	1	1	1	1	0
"CH5328  "	16	8494	8827	01/05/22	01/05/22	0	1	0	1	1	1	0
"CR1278  "	18	9651	8437	01/05/22	01/05/22	0	1	1	0	0	0	1
"CU3625  "	19	229	6128	01/05/22	01/05/22	0	1	0	0	1	1	0
"CU7945  "	19	10503	13509	01/05/22	01/05/22	1	1	0	1	1	1	0
"CU9497  "	19	11113	6562	01/05/22	01/05/22	1	1	1	1	0	0	0
"CY6128  "	20	13428	11311	01/05/22	01/05/22	1	1	0	1	0	1	0
"CZ3427  "	21	1723	6635	01/05/22	01/05/22	0	1	0	1	1	0	1
"DA2417  "	22	11869	4432	01/05/22	01/05/22	0	1	0	0	0	1	1
"DA9212  "	22	7176	8234	01/05/22	01/05/22	1	1	1	0	1	0	1
"DJ4448  "	24	5267	3618	01/05/22	01/05/22	1	1	1	0	1	1	1
"ET6116  "	32	2223	9482	01/05/22	01/05/22	1	1	0	1	0	0	0
"FI1078  "	34	2036	11235	01/05/22	01/05/22	1	1	0	0	1	0	1
"FR8112  "	35	10317	1314	01/05/22	01/05/22	1	1	1	1	0	0	1
"GA1864  "	36	6364	5532	01/05/22	01/05/22	1	1	1	1	1	0	1
"GA2044  "	36	3065	5570	01/05/22	01/05/22	1	1	1	1	1	0	1
"GA5981  "	36	6065	5896	01/05/22	01/05/22	1	1	0	0	1	1	1
"GR8828  "	40	2063	13289	01/05/22	01/05/22	0	1	1	1	0	1	1
"GU1507  "	41	9111	5914	01/05/22	01/05/22	1	1	1	1	0	0	0
"HO3763  "	43	3224	9089	01/05/22	01/05/22	1	1	1	1	0	1	1
"HU7271  "	44	2557	278	01/05/22	01/05/22	0	1	0	0	0	1	0
"IC8054  "	45	4004	10637	01/05/22	01/05/22	1	1	0	0	0	0	1
"IS6425  "	48	12548	11294	01/05/22	01/05/22	0	1	0	0	0	1	1
"IT5167  "	49	10532	9608	01/05/22	01/05/22	0	1	1	1	1	1	0
"JE3602  "	52	4641	5969	01/05/22	01/05/22	1	1	0	0	0	1	1
"JO1683  "	53	11954	3190	01/05/22	01/05/22	0	1	0	0	1	1	1
"LA1673  "	60	12825	1299	01/05/22	01/05/22	1	1	0	0	0	0	1
"LU4365  "	63	13082	10141	01/05/22	01/05/22	1	1	1	0	0	0	0
"LU6767  "	63	7479	13409	01/05/22	01/05/22	1	1	1	0	1	1	1
"LU6985  "	63	12641	12260	01/05/22	01/05/22	0	1	0	1	1	1	1
"MI4801  "	66	9497	3073	01/05/22	01/05/22	1	1	1	0	1	0	1
"NI9320  "	71	12296	5659	01/05/22	01/05/22	0	1	1	1	0	0	0
"NO8905  "	72	2624	5862	01/05/22	01/05/22	1	1	0	1	0	1	0
"PU1845  "	78	11045	2679	01/05/22	01/05/22	0	1	1	0	0	1	1
"PU5073  "	78	2227	11112	01/05/22	01/05/22	0	1	0	0	0	1	0
"RU2032  "	82	7634	11067	01/05/22	01/05/22	0	1	1	1	0	1	0
"SI4318  "	86	9732	9313	01/05/22	01/05/22	0	1	0	0	1	1	1
"SI4545  "	86	5519	281	01/05/22	01/05/22	1	1	0	1	1	0	0
"SP2375  "	89	4936	8079	01/05/22	01/05/22	0	1	0	1	0	0	0
"SU8305  "	92	6384	6767	01/05/22	01/05/22	1	1	1	1	1	0	1
"SY2498  "	94	6011	4094	01/05/22	01/05/22	1	1	0	1	0	0	1
"TU5360  "	99	6725	7723	01/05/22	01/05/22	0	1	0	1	1	1	1
"UG4924  "	100	5909	7190	01/05/22	01/05/22	1	1	1	1	1	0	0
"UG5477  "	100	10131	9048	01/05/22	01/05/22	0	1	0	1	0	1	1
"UG6688  "	100	4079	11940	01/05/22	01/05/22	1	1	1	0	0	1	0
"UR1057  "	103	7369	6121	01/05/22	01/05/22	1	1	0	1	0	0	1
"WA1126  "	108	3555	10719	01/05/22	01/05/22	1	1	1	0	0	0	1
"YU2417  "	111	6166	11561	01/05/22	01/05/22	0	1	0	0	0	1	1
"YU3393  "	111	2342	4667	01/05/22	01/05/22	0	1	1	0	0	1	0
"ZI1079  "	113	13135	1444	01/05/22	01/05/22	0	1	0	0	1	1	1
