386	19	301	420
387	19	75	78
388	19	21	335
389	19	48	115
390	19	48	115
391	19	316	114
392	19	316	114
393	19	41	95
394	19	21	335
395	19	228	150
396	19	41	95
397	19	48	115
398	19	21	335
399	19	21	335
400	19	18	420
401	19	48	115
402	19	48	115
403	19	232	50
404	19	232	50
405	19	232	50
406	19	38	200
407	19	48	115
408	19	232	50
409	19	232	50
410	19	301	420
411	19	18	420
412	19	40	79
413	19	21	335
414	19	6	644
415	19	316	114
416	19	60	380
417	19	301	420
418	19	301	420
419	19	316	114
420	19	18	420
421	19	18	420
422	19	41	95
423	19	232	50
424	19	48	115
425	19	301	420
426	19	301	420
427	19	232	50
428	19	18	420
429	19	228	150
430	19	18	420
431	19	21	335
432	19	38	200
433	19	301	420
434	19	18	420
435	19	21	335
436	19	48	115
437	19	41	95
438	19	301	420
439	19	40	79
440	19	38	200
441	19	40	79
442	19	48	115
443	50	48	115
444	50	48	115
445	50	38	200
446	50	18	420
447	50	18	420
448	50	75	78
449	50	228	150
450	50	38	200
451	50	6	644
452	50	38	200
453	50	18	420
454	50	60	380
455	50	232	50
456	50	228	150
457	50	48	115
458	50	6	644
459	50	60	380
460	50	60	380
461	50	38	200
462	50	232	50
463	50	21	335
464	50	41	95
465	50	18	420
466	50	301	420
467	50	228	150
468	50	228	150
469	50	6	644
470	50	18	420
471	50	21	335
472	50	48	115
473	50	316	114
474	50	301	420
475	50	75	78
476	50	6	644
477	50	228	150
478	50	18	420
479	50	75	78
480	50	60	380
481	50	41	95
482	50	75	78
483	50	228	150
484	50	60	380
485	50	48	115
486	50	316	114
487	50	40	79
488	50	75	78
489	50	228	150
490	50	75	78
491	50	48	115
492	50	6	644
493	50	232	50
494	50	316	114
495	50	41	95
496	50	75	78
497	50	41	95
498	102	228	150
499	102	41	95
500	102	41	95
501	102	75	78
502	102	75	78
503	102	18	420
504	102	301	420
505	102	75	78
506	102	18	420
507	102	41	95
508	102	6	644
509	102	6	644
510	102	75	78
511	102	41	95
512	102	75	78
513	102	228	150
514	102	6	644
515	102	48	115
516	102	60	380
517	102	40	79
518	102	41	95
519	102	40	79
520	102	40	79
521	102	75	78
522	102	40	79
523	27	316	114
524	27	228	150
525	27	21	335
526	27	18	420
527	27	18	420
528	27	75	78
529	27	60	380
530	27	48	115
531	27	232	50
532	27	48	115
533	27	60	380
534	27	60	380
535	27	41	95
536	27	316	114
537	27	75	78
538	27	48	115
539	6	75	78
540	6	75	78
541	6	316	114
542	6	316	114
543	6	75	78
544	6	38	200
545	6	40	79
546	6	40	79
547	6	301	420
548	6	301	420
549	6	301	420
550	6	301	420
551	6	6	644
552	6	228	150
553	6	41	95
554	6	228	150
555	6	75	78
556	6	60	380
557	6	232	50
558	6	75	78
559	6	18	420
560	6	41	95
561	6	232	50
562	6	301	420
563	6	75	78
564	6	41	95
565	6	18	420
566	6	301	420
567	6	40	79
568	6	301	420
569	6	41	95
570	6	40	79
571	6	301	420
572	6	21	335
573	6	18	420
574	6	301	420
575	6	41	95
576	6	41	95
577	6	75	78
578	6	18	420
579	6	6	644
580	6	301	420
581	6	228	150
582	6	6	644
583	6	41	95
584	6	21	335
585	6	232	50
586	6	41	95
587	6	316	114
588	6	228	150
589	6	41	95
590	6	232	50
591	6	21	335
592	6	38	200
593	6	60	380
594	6	21	335
595	6	301	420
596	6	316	114
597	6	228	150
598	6	6	644
599	6	41	95
600	6	38	200
601	6	40	79
602	6	6	644
603	6	48	115
604	6	48	115
605	6	301	420
606	6	232	50
607	12	301	420
608	12	75	78
609	12	75	78
610	12	38	200
611	12	228	150
612	12	6	644
613	12	316	114
614	12	75	78
615	12	232	50
616	12	21	335
617	12	316	114
618	12	301	420
619	12	60	380
620	12	301	420
621	12	228	150
622	12	228	150
623	12	21	335
624	12	75	78
625	12	48	115
626	12	75	78
627	12	228	150
628	12	48	115
629	12	40	79
630	12	18	420
631	12	232	50
632	12	41	95
633	12	60	380
634	12	41	95
635	12	18	420
636	12	41	95
637	12	38	200
638	12	316	114
639	12	41	95
640	12	38	200
641	12	75	78
642	12	38	200
643	12	38	200
644	12	316	114
645	12	21	335
646	12	18	420
647	12	232	50
648	12	75	78
649	12	228	150
650	12	41	95
651	12	60	380
652	12	301	420
653	12	21	335
654	12	228	150
655	12	60	380
656	12	316	114
657	12	316	114
658	12	41	95
659	12	21	335
660	12	18	420
661	12	48	115
662	12	18	420
663	12	60	380
664	12	18	420
665	12	60	380
666	12	301	420
667	12	60	380
668	12	228	150
669	12	41	95
670	12	6	644
671	12	18	420
672	12	40	79
673	12	38	200
674	12	40	79
675	12	6	644
676	12	41	95
677	12	48	115
678	12	75	78
679	12	41	95
680	12	38	200
681	12	40	79
682	12	75	78
683	12	232	50
684	12	60	380
685	12	316	114
686	12	48	115
687	12	38	200
688	12	48	115
689	46	48	115
690	46	301	420
691	46	41	95
692	46	301	420
693	46	21	335
694	46	60	380
695	46	21	335
696	46	232	50
697	46	18	420
698	46	6	644
699	46	38	200
700	46	18	420
701	46	18	420
702	46	301	420
703	46	40	79
704	46	48	115
705	46	316	114
706	46	228	150
707	46	75	78
708	46	301	420
709	46	21	335
710	46	38	200
711	46	75	78
712	46	21	335
713	46	18	420
714	46	60	380
715	46	232	50
716	46	301	420
717	46	228	150
718	46	41	95
719	46	60	380
720	46	38	200
721	46	18	420
722	46	6	644
723	46	75	78
724	46	40	79
725	46	60	380
726	46	18	420
727	46	21	335
728	46	316	114
729	46	18	420
730	46	48	115
731	46	228	150
732	46	38	200
733	46	18	420
734	46	21	335
735	46	316	114
736	46	228	150
737	46	6	644
738	46	301	420
739	46	41	95
740	46	21	335
741	46	232	50
742	46	41	95
743	46	40	79
744	46	6	644
745	46	75	78
746	46	38	200
747	46	301	420
748	46	228	150
749	46	316	114
750	46	38	200
751	46	18	420
752	46	228	150
753	46	38	200
754	46	6	644
755	46	18	420
756	46	228	150
757	46	18	420
758	46	40	79
759	46	48	115
760	46	38	200
761	46	228	150
762	46	40	79
763	46	48	115
764	46	232	50
765	46	60	380
766	46	21	335
767	46	316	114
768	46	60	380
769	46	232	50
770	46	21	335
771	46	228	150
772	46	228	150
773	40	21	335
774	40	228	150
775	40	60	380
776	40	41	95
777	40	48	115
778	40	40	79
779	40	21	335
780	40	316	114
781	40	48	115
782	40	75	78
783	40	75	78
784	40	48	115
785	40	18	420
786	40	228	150
787	40	301	420
788	40	41	95
789	40	40	79
790	40	232	50
791	40	21	335
792	40	301	420
793	40	41	95
794	40	6	644
795	40	21	335
796	40	301	420
797	40	228	150
798	40	316	114
799	40	48	115
800	40	75	78
801	40	48	115
802	40	38	200
803	40	60	380
804	40	301	420
805	40	18	420
806	40	18	420
807	40	18	420
808	40	301	420
809	40	48	115
810	40	38	200
811	40	40	79
812	40	75	78
813	40	38	200
814	40	40	79
815	40	48	115
816	40	40	79
817	40	21	335
818	40	18	420
819	40	228	150
820	40	48	115
821	40	6	644
822	40	75	78
823	40	21	335
824	40	41	95
825	40	6	644
826	40	40	79
827	40	6	644
828	17	18	420
829	17	60	380
830	17	316	114
831	17	301	420
832	17	232	50
833	17	40	79
834	17	40	79
835	17	75	78
836	17	41	95
837	17	48	115
838	17	60	380
839	17	75	78
840	17	228	150
841	17	75	78
842	17	75	78
843	17	6	644
844	17	40	79
845	17	41	95
846	17	41	95
847	17	48	115
848	17	48	115
849	17	21	335
850	17	6	644
851	17	60	380
852	17	21	335
853	17	21	335
854	17	75	78
855	17	21	335
856	17	60	380
857	17	6	644
858	17	6	644
859	17	301	420
860	17	60	380
861	17	228	150
862	17	40	79
863	17	41	95
864	17	18	420
865	17	301	420
866	17	41	95
867	17	60	380
868	17	21	335
869	17	6	644
870	17	48	115
871	17	75	78
872	17	6	644
873	17	41	95
874	17	6	644
875	17	40	79
876	17	232	50
877	17	48	115
878	17	232	50
879	17	41	95
880	17	316	114
881	17	232	50
882	17	75	78
883	17	232	50
884	17	18	420
885	17	232	50
886	17	18	420
887	17	301	420
888	17	75	78
889	17	18	420
890	17	40	79
891	17	48	115
892	17	232	50
893	17	301	420
894	17	75	78
895	17	6	644
896	17	40	79
897	17	40	79
898	17	60	380
899	17	48	115
900	17	41	95
901	17	18	420
902	35	41	95
903	35	48	115
904	35	48	115
905	35	316	114
906	35	41	95
907	35	75	78
908	35	301	420
909	35	228	150
910	35	301	420
911	35	48	115
912	35	316	114
913	35	48	115
914	35	301	420
915	35	301	420
916	35	301	420
917	35	38	200
918	35	301	420
919	35	316	114
920	35	60	380
921	35	18	420
922	35	301	420
923	35	38	200
924	35	18	420
925	35	301	420
926	35	60	380
927	35	48	115
928	35	21	335
929	35	6	644
930	35	232	50
931	35	38	200
932	35	48	115
933	35	38	200
934	35	228	150
935	35	75	78
936	35	6	644
937	35	38	200
938	35	75	78
939	35	301	420
940	35	6	644
941	35	60	380
942	35	21	335
943	20	18	420
944	20	228	150
945	20	48	115
946	20	316	114
947	20	6	644
948	20	18	420
949	20	48	115
950	20	301	420
951	20	38	200
952	20	18	420
953	20	232	50
954	20	40	79
955	20	228	150
956	20	41	95
957	20	228	150
958	20	6	644
959	20	48	115
960	20	316	114
961	20	40	79
962	20	75	78
963	20	75	78
964	20	21	335
965	20	75	78
966	20	75	78
967	20	41	95
968	20	75	78
969	20	60	380
970	20	41	95
971	20	60	380
972	20	316	114
973	20	38	200
974	20	301	420
975	20	60	380
976	20	316	114
977	20	41	95
978	20	60	380
979	20	228	150
980	20	75	78
981	20	38	200
982	20	6	644
983	20	6	644
984	20	21	335
985	20	40	79
986	20	232	50
987	20	60	380
988	20	21	335
989	20	232	50
990	20	18	420
991	20	232	50
992	20	21	335
993	20	18	420
994	20	232	50
995	20	40	79
996	20	18	420
997	20	228	150
998	20	316	114
999	20	6	644
1000	20	41	95
1001	20	21	335
1002	20	60	380
1003	20	18	420
1004	20	41	95
1005	20	21	335
1006	20	301	420
1007	20	21	335
1008	20	301	420
1009	20	38	200
1010	20	75	78
1011	20	60	380
1012	20	60	380
1013	20	75	78
1014	20	301	420
1015	54	40	79
1016	54	48	115
1017	54	40	79
1018	54	60	380
1019	54	41	95
1020	54	41	95
1021	54	41	95
1022	54	60	380
1023	54	48	115
1024	54	40	79
1025	54	75	78
1026	54	60	380
1027	54	18	420
1028	54	301	420
1029	54	60	380
1030	54	48	115
1031	54	232	50
1032	54	21	335
1033	54	301	420
1034	54	40	79
1035	54	41	95
1036	54	40	79
1037	54	48	115
1038	54	6	644
1039	54	301	420
1040	54	41	95
1041	54	301	420
1042	54	21	335
1043	54	41	95
1044	54	40	79
1045	54	75	78
1046	54	316	114
1047	54	232	50
1048	54	38	200
1049	54	40	79
1050	54	38	200
1051	54	301	420
1052	54	228	150
1053	54	228	150
1054	54	21	335
1055	54	18	420
1056	54	316	114
1057	54	228	150
1058	54	21	335
1059	54	41	95
1060	54	41	95
1061	54	316	114
1062	54	38	200
1063	54	60	380
1064	54	41	95
1065	54	60	380
1066	54	75	78
1067	54	316	114
1068	54	18	420
1069	54	6	644
1070	54	41	95
1071	54	48	115
1072	54	316	114
1073	54	301	420
1074	54	232	50
1075	54	6	644
1076	54	60	380
1077	54	301	420
1078	54	232	50
1079	54	228	150
1080	45	18	420
1081	45	48	115
1082	45	316	114
1083	45	75	78
1084	45	301	420
1085	45	228	150
1086	45	316	114
1087	45	48	115
1088	45	6	644
1089	45	18	420
1090	45	232	50
1091	45	316	114
1092	45	41	95
1093	45	48	115
1094	45	21	335
1095	45	6	644
1096	45	41	95
1097	45	232	50
1098	45	18	420
1099	45	48	115
1100	45	40	79
1101	45	301	420
1102	45	21	335
1103	45	75	78
1104	45	60	380
1105	45	21	335
1106	45	48	115
1107	45	21	335
1108	45	6	644
1109	45	38	200
1110	45	21	335
1111	45	21	335
1112	45	316	114
1113	45	75	78
1114	45	18	420
1115	45	41	95
1116	45	228	150
1117	45	232	50
1118	45	75	78
1119	45	228	150
1120	45	75	78
1121	45	228	150
1122	45	60	380
1123	45	41	95
1124	45	38	200
1125	45	316	114
1126	45	48	115
1127	45	316	114
1128	45	301	420
1129	45	301	420
1130	45	21	335
1131	45	75	78
1132	45	38	200
1133	45	40	79
1134	45	232	50
1135	45	228	150
1136	45	60	380
1137	45	41	95
1138	45	6	644
1139	45	301	420
1140	45	301	420
1141	45	21	335
1142	45	228	150
1143	45	41	95
1144	45	18	420
1145	45	75	78
1146	45	232	50
1147	45	75	78
1148	45	228	150
1149	45	228	150
1150	45	316	114
1151	45	228	150
1152	45	301	420
1153	45	40	79
1154	45	38	200
1155	45	232	50
1156	45	18	420
1157	45	316	114
1158	45	301	420
1159	45	228	150
1160	45	40	79
1161	45	228	150
1162	45	228	150
1163	45	60	380
1164	45	21	335
1165	45	301	420
1166	45	41	95
1167	45	316	114
1168	45	6	644
1169	4	40	79
1170	4	316	114
1171	4	60	380
1172	4	18	420
1173	4	21	335
1174	4	316	114
1175	4	18	420
1176	4	6	644
1177	4	301	420
1178	4	232	50
1179	4	232	50
1180	4	41	95
1181	4	316	114
1182	4	48	115
1183	4	228	150
1184	4	75	78
1185	4	41	95
1186	4	232	50
1187	4	301	420
1188	4	6	644
1189	4	316	114
1190	4	6	644
1191	4	228	150
1192	4	48	115
1193	4	60	380
1194	4	75	78
1195	4	21	335
1196	4	75	78
1197	4	316	114
1198	4	38	200
1199	4	40	79
1200	4	6	644
1201	4	75	78
1202	4	75	78
1203	4	21	335
1204	49	301	420
1205	49	38	200
1206	49	21	335
1207	49	40	79
1208	49	21	335
1209	49	18	420
1210	49	316	114
1211	49	232	50
1212	49	60	380
1213	49	48	115
1214	49	228	150
1215	49	6	644
1216	49	41	95
1217	49	48	115
1218	106	18	420
1219	106	48	115
1220	106	232	50
1221	106	60	380
1222	75	232	50
1223	75	228	150
1224	75	6	644
1225	75	60	380
1226	75	6	644
1227	75	41	95
1228	75	60	380
1229	94	40	79
1230	94	228	150
1231	94	18	420
1232	94	6	644
1233	94	6	644
1234	94	40	79
1235	94	40	79
1236	94	38	200
1237	94	41	95
1238	94	18	420
1239	94	18	420
1240	94	6	644
1241	94	60	380
1242	94	75	78
1243	94	18	420
1244	94	6	644
1245	94	41	95
1246	94	18	420
1247	94	21	335
1248	94	232	50
1249	94	6	644
1250	94	228	150
1251	94	75	78
1252	94	232	50
1253	94	60	380
1254	94	6	644
1255	94	41	95
1256	94	60	380
1257	94	41	95
1258	94	6	644
1259	94	60	380
1260	94	228	150
1261	94	228	150
1262	94	301	420
1263	94	228	150
1264	94	232	50
1265	94	6	644
1266	94	21	335
1267	94	18	420
1268	94	48	115
1269	94	38	200
1270	94	38	200
1271	94	60	380
1272	94	232	50
1273	94	21	335
1274	94	301	420
1275	94	232	50
1276	94	301	420
1277	94	228	150
1278	94	6	644
1279	94	48	115
1280	94	228	150
1281	94	228	150
1282	94	48	115
1283	94	301	420
1284	94	41	95
1285	94	48	115
1286	94	18	420
1287	94	75	78
1288	94	75	78
1289	94	18	420
1290	94	48	115
1291	94	316	114
1292	94	75	78
1293	94	21	335
1294	94	60	380
1295	94	228	150
1296	94	21	335
1297	94	316	114
1298	94	75	78
1299	94	316	114
1300	94	6	644
1301	94	21	335
1302	94	38	200
1303	94	232	50
1304	94	41	95
1305	94	75	78
1306	94	316	114
1307	94	6	644
1308	94	316	114
1309	94	228	150
1310	94	48	115
1311	94	48	115
1312	94	301	420
1313	94	6	644
1314	94	21	335
1315	94	6	644
1316	94	48	115
1317	94	38	200
1318	74	48	115
1319	5	48	115
1320	5	38	200
1321	5	40	79
1322	5	316	114
1323	5	228	150
1324	5	21	335
1325	5	75	78
1326	5	60	380
1327	5	18	420
1328	5	301	420
1329	5	60	380
1330	5	40	79
1331	5	75	78
1332	5	48	115
1333	5	316	114
1334	5	232	50
1335	5	38	200
1336	5	316	114
1337	5	301	420
1338	5	6	644
1339	5	38	200
1340	5	21	335
1341	5	316	114
1342	5	38	200
1343	5	41	95
1344	5	228	150
1345	5	228	150
1346	5	301	420
1347	5	228	150
1348	5	38	200
1349	5	6	644
1350	5	38	200
1351	5	60	380
1352	5	41	95
1353	5	6	644
1354	5	41	95
1355	5	60	380
1356	55	75	78
1357	55	301	420
1358	55	60	380
1359	55	60	380
1360	55	6	644
1361	55	60	380
1362	55	18	420
1363	55	316	114
1364	55	48	115
1365	55	40	79
1366	55	41	95
1367	55	18	420
1368	55	41	95
1369	55	301	420
1370	55	40	79
1371	55	18	420
1372	55	232	50
1373	55	316	114
1374	55	232	50
1375	55	316	114
1376	55	40	79
1377	55	301	420
1378	55	6	644
1379	55	41	95
1380	55	75	78
1381	55	60	380
1382	55	232	50
1383	55	75	78
1384	55	75	78
1385	55	41	95
1386	55	232	50
1387	55	75	78
1388	55	18	420
1389	55	48	115
1390	55	48	115
1391	55	18	420
1392	55	6	644
1393	55	60	380
1394	55	232	50
1395	55	60	380
1396	55	75	78
1397	55	38	200
1398	55	301	420
1399	55	40	79
1400	55	75	78
1401	55	75	78
1402	55	41	95
1403	55	228	150
1404	55	316	114
1405	55	40	79
1406	55	60	380
1407	55	18	420
1408	55	75	78
1409	55	60	380
1410	55	48	115
1411	55	75	78
1412	55	18	420
1413	55	41	95
1414	55	75	78
1415	55	6	644
1416	55	232	50
1417	55	228	150
1418	55	6	644
1419	55	75	78
1420	55	40	79
1421	55	48	115
1422	55	18	420
1423	55	41	95
1424	55	18	420
1425	55	75	78
1426	55	75	78
1427	55	6	644
1428	55	38	200
1429	55	301	420
1430	55	40	79
1431	55	21	335
1432	55	301	420
1433	55	228	150
1434	55	6	644
1435	55	40	79
1436	55	21	335
1437	55	60	380
1438	55	41	95
1439	55	18	420
1440	55	18	420
1441	24	18	420
1442	24	38	200
1443	24	41	95
1444	24	6	644
1445	24	40	79
1446	24	38	200
1447	24	232	50
1448	24	40	79
1449	24	38	200
1450	24	38	200
1451	24	232	50
1452	24	40	79
1453	24	301	420
1454	24	75	78
1455	24	40	79
1456	24	301	420
1457	24	6	644
1458	24	60	380
1459	24	40	79
1460	24	41	95
1461	24	228	150
1462	24	75	78
1463	24	38	200
1464	24	228	150
1465	24	40	79
1466	24	41	95
1467	24	40	79
1468	24	228	150
1469	24	60	380
1470	24	48	115
1471	24	316	114
1472	24	301	420
1473	24	316	114
1474	24	18	420
1475	24	316	114
1476	24	18	420
1477	24	41	95
1478	24	60	380
1479	24	41	95
1480	24	301	420
1481	24	232	50
1482	24	40	79
1483	24	6	644
1484	24	48	115
1485	24	38	200
1486	24	40	79
1487	24	21	335
1488	24	40	79
1489	24	75	78
1490	24	48	115
1491	24	228	150
1492	24	316	114
1493	24	48	115
1494	24	6	644
1495	24	48	115
1496	24	228	150
1497	24	48	115
1498	24	232	50
1499	24	60	380
1500	24	6	644
1501	24	40	79
1502	24	40	79
1503	24	316	114
1504	24	18	420
1505	24	48	115
1506	24	41	95
1507	24	38	200
1508	24	232	50
1509	24	6	644
1510	24	301	420
1511	24	60	380
1512	24	232	50
1513	24	75	78
1514	24	60	380
1515	24	41	95
1516	24	38	200
1517	24	75	78
1518	24	301	420
1519	24	301	420
1520	24	232	50
1521	24	18	420
1522	24	41	95
1523	24	301	420
1524	24	301	420
1525	24	48	115
1526	24	21	335
1527	24	48	115
1528	24	75	78
1529	24	6	644
1530	90	75	78
1531	90	41	95
1532	90	41	95
1533	90	316	114
1534	90	60	380
1535	90	75	78
1536	90	18	420
1537	8	232	50
1538	8	21	335
1539	8	48	115
1540	8	41	95
1541	8	18	420
1542	8	48	115
1543	8	75	78
1544	8	48	115
1545	8	316	114
1546	8	232	50
1547	8	18	420
1548	8	41	95
1549	8	228	150
1550	8	38	200
1551	8	228	150
1552	8	41	95
1553	8	75	78
1554	8	40	79
1555	8	60	380
1556	8	41	95
1557	8	38	200
1558	8	301	420
1559	8	41	95
1560	8	38	200
1561	8	6	644
1562	8	232	50
1563	8	75	78
1564	8	60	380
1565	8	232	50
1566	8	18	420
1567	8	41	95
1568	8	316	114
1569	8	38	200
1570	8	232	50
1571	8	21	335
1572	8	40	79
1573	8	40	79
1574	8	21	335
1575	8	232	50
1576	8	18	420
1577	8	18	420
1578	8	6	644
1579	8	48	115
1580	8	232	50
1581	8	40	79
1582	8	40	79
1583	8	40	79
1584	8	38	200
1585	8	316	114
1586	8	75	78
1587	8	301	420
1588	8	75	78
1589	8	60	380
1590	8	18	420
1591	8	38	200
1592	8	301	420
1593	8	75	78
1594	8	38	200
1595	8	38	200
1596	8	228	150
1597	8	40	79
1598	8	301	420
1599	8	60	380
1600	8	301	420
1601	8	60	380
1602	8	316	114
1603	8	6	644
1604	8	232	50
1605	8	232	50
1606	8	232	50
1607	8	6	644
1608	8	75	78
1609	78	60	380
1610	78	232	50
1611	78	38	200
1612	78	75	78
1613	78	21	335
1614	78	48	115
1615	78	301	420
1616	78	18	420
1617	78	18	420
1618	78	301	420
1619	78	316	114
1620	78	21	335
1621	78	232	50
1622	78	40	79
1623	78	21	335
1624	78	18	420
1625	78	60	380
1626	78	6	644
1627	78	48	115
1628	78	21	335
1629	78	60	380
1630	78	18	420
1631	78	316	114
1632	78	38	200
1633	78	18	420
1634	78	301	420
1635	78	21	335
1636	78	6	644
1637	78	301	420
1638	78	18	420
1639	78	75	78
1640	78	38	200
1641	78	75	78
1642	78	21	335
1643	78	21	335
1644	78	21	335
1645	78	316	114
1646	78	228	150
1647	78	40	79
1648	78	228	150
1649	78	41	95
1650	78	6	644
1651	78	6	644
1652	78	40	79
1653	78	40	79
1654	78	21	335
1655	78	41	95
1656	78	232	50
1657	78	21	335
1658	78	232	50
1659	78	18	420
1660	78	228	150
1661	78	6	644
1662	78	232	50
1663	78	18	420
1664	78	18	420
1665	78	48	115
1666	78	38	200
1667	78	21	335
1668	78	21	335
1669	78	41	95
1670	78	18	420
1671	78	41	95
1672	78	41	95
1673	78	40	79
1674	78	301	420
1675	78	60	380
1676	78	6	644
1677	78	41	95
1678	78	232	50
1679	78	232	50
1680	78	232	50
1681	78	232	50
1682	78	232	50
1683	78	21	335
1684	78	21	335
1685	78	18	420
1686	78	301	420
1687	78	18	420
1688	78	40	79
1689	78	48	115
1690	78	21	335
1691	78	18	420
1692	78	60	380
1693	11	21	335
1694	11	316	114
1695	11	60	380
1696	11	48	115
1697	11	232	50
1698	11	228	150
1699	11	232	50
1700	81	38	200
1701	81	40	79
1702	81	38	200
1703	81	232	50
1704	81	75	78
1705	81	40	79
1706	81	40	79
1707	81	228	150
1708	81	21	335
1709	81	21	335
1710	81	316	114
1711	81	6	644
1712	81	40	79
1713	81	75	78
1714	81	18	420
1715	81	6	644
1716	81	18	420
1717	81	48	115
1718	81	60	380
1719	81	38	200
1720	81	60	380
1721	81	18	420
1722	81	40	79
1723	81	228	150
1724	81	228	150
1725	81	75	78
1726	81	40	79
1727	81	301	420
1728	81	316	114
1729	81	38	200
1730	81	301	420
1731	81	6	644
1732	81	60	380
1733	81	75	78
1734	81	232	50
1735	81	48	115
1736	81	38	200
1737	81	38	200
1738	81	40	79
1739	81	41	95
1740	81	41	95
1741	81	6	644
1742	81	48	115
1743	81	228	150
1744	81	6	644
1745	81	301	420
1746	81	228	150
1747	81	18	420
1748	81	18	420
1749	81	40	79
1750	81	41	95
1751	81	316	114
1752	81	48	115
1753	81	228	150
1754	81	60	380
1755	81	38	200
1756	81	316	114
1757	81	232	50
1758	81	75	78
1759	81	48	115
1760	81	21	335
1761	81	60	380
1762	81	48	115
1763	81	316	114
1764	81	60	380
1765	81	41	95
1766	81	21	335
1767	81	228	150
1768	81	316	114
1769	81	60	380
1770	81	38	200
1771	81	21	335
1772	81	301	420
1773	81	228	150
1774	81	75	78
1775	81	301	420
1776	81	48	115
1777	81	228	150
1778	81	228	150
1779	81	60	380
1780	81	21	335
1781	81	21	335
1782	81	40	79
1783	81	316	114
1784	81	6	644
1785	81	75	78
1786	81	75	78
1787	81	316	114
1788	81	228	150
1789	69	38	200
1790	69	6	644
1791	69	60	380
1792	69	316	114
1793	69	316	114
1794	69	18	420
1795	69	21	335
1796	69	75	78
1797	69	75	78
1798	69	232	50
1799	69	48	115
1800	69	38	200
1801	69	6	644
1802	69	18	420
1803	69	6	644
1804	69	6	644
1805	69	228	150
1806	69	48	115
1807	69	232	50
1808	69	301	420
1809	69	18	420
1810	69	18	420
1811	69	232	50
1812	69	41	95
1813	69	228	150
1814	69	232	50
1815	69	41	95
1816	69	228	150
1817	69	60	380
1818	69	38	200
1819	69	316	114
1820	69	232	50
1821	69	38	200
1822	69	38	200
1823	69	301	420
1824	69	75	78
1825	69	41	95
1826	69	228	150
1827	69	75	78
1828	69	40	79
1829	69	316	114
1830	69	41	95
1831	69	60	380
1832	69	228	150
1833	69	60	380
1834	69	301	420
1835	69	232	50
1836	69	41	95
1837	69	18	420
1838	69	228	150
1839	69	6	644
1840	69	38	200
1841	69	232	50
1842	69	232	50
1843	69	316	114
1844	69	316	114
1845	69	316	114
1846	69	18	420
1847	69	60	380
1848	69	40	79
1849	69	40	79
1850	69	40	79
1851	69	21	335
1852	69	60	380
1853	69	60	380
1854	69	232	50
1855	69	60	380
1856	69	6	644
1857	69	316	114
1858	69	48	115
1859	69	40	79
1860	69	41	95
1861	69	75	78
1862	69	75	78
1863	69	38	200
1864	69	60	380
1865	69	60	380
1866	69	18	420
1867	69	75	78
1868	69	316	114
1869	69	75	78
1870	69	75	78
1871	69	6	644
1872	69	228	150
1873	69	232	50
1874	103	60	380
1875	103	301	420
1876	103	232	50
1877	103	18	420
1878	103	75	78
1879	103	21	335
1880	103	41	95
1881	103	21	335
1882	103	228	150
1883	103	6	644
1884	103	6	644
1885	103	40	79
1886	103	18	420
1887	103	316	114
1888	103	232	50
1889	103	41	95
1890	103	21	335
1891	103	228	150
1892	103	41	95
1893	103	48	115
1894	103	40	79
1895	103	6	644
1896	103	60	380
1897	103	38	200
1898	103	316	114
1899	103	48	115
1900	103	38	200
1901	103	228	150
1902	103	40	79
1903	103	21	335
1904	103	48	115
1905	103	75	78
1906	103	228	150
1907	103	40	79
1908	103	18	420
1909	103	228	150
1910	103	60	380
1911	103	48	115
1912	103	75	78
1913	103	41	95
1914	103	60	380
1915	103	6	644
1916	103	228	150
1	89	228	150
2	89	38	200
3	89	60	380
4	89	232	50
5	89	21	335
6	89	48	115
7	89	41	95
8	89	48	115
9	89	40	79
10	89	41	95
11	89	60	380
12	89	6	644
13	89	232	50
14	89	232	50
15	89	21	335
16	89	301	420
17	89	316	114
18	89	232	50
19	89	228	150
20	89	60	380
21	32	60	380
22	32	60	380
23	32	40	79
24	32	40	79
25	32	228	150
26	32	6	644
27	32	40	79
28	32	301	420
29	32	6	644
30	32	60	380
31	32	48	115
32	32	40	79
33	32	21	335
34	32	40	79
35	32	60	380
36	32	301	420
37	32	228	150
38	32	6	644
39	32	6	644
40	32	38	200
41	32	60	380
42	32	6	644
43	32	18	420
44	32	48	115
45	32	38	200
46	32	228	150
47	32	38	200
48	32	18	420
49	32	60	380
50	32	228	150
51	57	21	335
52	57	40	79
53	57	228	150
54	57	60	380
55	57	21	335
56	57	232	50
57	57	75	78
58	57	228	150
59	57	75	78
60	57	48	115
61	57	38	200
62	57	38	200
63	57	316	114
64	57	301	420
65	57	228	150
66	57	40	79
67	57	41	95
68	57	232	50
69	57	41	95
70	57	316	114
71	57	48	115
72	57	41	95
73	57	228	150
74	57	75	78
75	57	301	420
76	57	60	380
77	57	21	335
78	57	228	150
79	57	21	335
80	57	6	644
81	57	21	335
82	57	41	95
83	57	40	79
84	57	6	644
85	57	75	78
86	57	60	380
87	57	232	50
88	57	75	78
89	57	41	95
90	23	48	115
91	23	316	114
92	23	18	420
93	23	21	335
94	23	40	79
95	23	232	50
96	23	60	380
97	23	228	150
98	23	228	150
99	23	75	78
100	23	48	115
101	23	38	200
102	23	40	79
103	23	40	79
104	23	21	335
105	23	6	644
106	23	75	78
107	23	41	95
108	23	228	150
109	23	21	335
110	23	41	95
111	23	6	644
112	23	60	380
113	23	228	150
114	23	18	420
115	23	60	380
116	23	40	79
117	23	75	78
118	23	48	115
119	23	228	150
120	23	228	150
121	23	75	78
122	23	48	115
123	23	232	50
124	23	21	335
125	23	228	150
126	23	228	150
127	23	316	114
128	23	301	420
129	23	60	380
130	23	301	420
131	23	18	420
132	23	228	150
133	23	6	644
134	23	48	115
135	23	6	644
136	23	6	644
137	23	41	95
138	23	48	115
139	23	232	50
140	23	60	380
141	23	75	78
142	23	75	78
143	23	18	420
144	23	316	114
145	23	6	644
146	23	316	114
147	23	18	420
148	23	6	644
149	23	38	200
150	23	232	50
151	23	228	150
152	23	21	335
153	23	40	79
154	23	316	114
155	23	40	79
156	23	21	335
157	23	60	380
158	23	18	420
159	23	228	150
160	23	18	420
161	23	316	114
162	23	75	78
163	23	75	78
164	23	316	114
165	47	6	644
166	47	228	150
167	47	232	50
168	47	48	115
169	47	316	114
170	47	48	115
171	47	48	115
172	47	301	420
173	47	60	380
174	47	21	335
175	47	316	114
176	47	40	79
177	47	40	79
178	47	316	114
179	47	60	380
180	47	38	200
181	47	60	380
182	47	228	150
183	47	301	420
184	47	40	79
185	47	21	335
186	47	232	50
187	47	232	50
188	47	38	200
189	47	316	114
190	47	75	78
191	47	75	78
192	47	301	420
193	47	75	78
194	47	316	114
195	47	21	335
196	47	6	644
197	47	48	115
198	47	6	644
199	47	60	380
200	47	21	335
201	47	48	115
202	47	6	644
203	47	232	50
204	47	18	420
205	47	38	200
206	47	60	380
207	82	60	380
208	82	40	79
209	82	6	644
210	82	232	50
211	82	232	50
212	82	228	150
213	82	48	115
214	82	38	200
215	82	75	78
216	82	41	95
217	82	18	420
218	82	38	200
219	82	18	420
220	82	18	420
221	82	21	335
222	82	228	150
223	82	6	644
224	82	75	78
225	82	75	78
226	82	18	420
227	82	41	95
228	82	75	78
229	82	301	420
230	82	301	420
231	82	48	115
232	82	301	420
233	82	60	380
234	82	60	380
235	82	232	50
236	82	21	335
237	82	6	644
238	82	48	115
239	82	48	115
240	82	6	644
241	82	41	95
242	82	41	95
243	82	232	50
244	82	232	50
245	82	301	420
246	82	232	50
247	82	38	200
248	110	18	420
249	110	41	95
250	110	232	50
251	110	40	79
252	110	21	335
253	110	232	50
254	110	38	200
255	110	18	420
256	110	6	644
257	110	316	114
258	110	18	420
259	110	301	420
260	110	41	95
261	110	60	380
262	110	40	79
263	110	6	644
264	110	18	420
265	110	38	200
266	110	21	335
267	110	21	335
268	110	316	114
269	110	316	114
270	110	38	200
271	110	18	420
272	110	18	420
273	110	21	335
274	110	6	644
275	110	228	150
276	110	6	644
277	110	40	79
278	110	60	380
279	110	21	335
280	110	316	114
281	110	41	95
282	110	48	115
283	110	232	50
284	110	40	79
285	110	228	150
286	110	6	644
287	110	40	79
288	110	60	380
289	110	18	420
290	110	6	644
291	110	6	644
292	110	301	420
293	110	40	79
294	110	6	644
295	110	228	150
296	110	60	380
297	110	21	335
298	110	75	78
299	110	40	79
300	110	75	78
301	110	38	200
302	110	48	115
303	110	18	420
304	110	41	95
305	110	48	115
306	110	232	50
307	110	48	115
308	110	232	50
309	110	48	115
310	110	301	420
311	110	301	420
312	110	75	78
313	110	21	335
314	110	60	380
315	110	38	200
316	110	75	78
317	16	301	420
318	16	60	380
319	16	301	420
320	16	301	420
321	16	60	380
322	16	40	79
323	16	6	644
324	16	301	420
325	16	18	420
326	16	301	420
327	16	232	50
328	16	18	420
329	16	75	78
330	16	228	150
331	16	41	95
332	16	41	95
333	16	232	50
334	16	228	150
335	16	75	78
336	16	228	150
337	16	38	200
338	16	232	50
339	16	40	79
340	16	75	78
341	16	48	115
342	16	38	200
343	16	18	420
344	16	6	644
345	16	48	115
346	16	18	420
347	16	301	420
348	16	21	335
349	16	301	420
350	16	38	200
351	16	232	50
352	16	38	200
353	16	60	380
354	16	75	78
355	16	232	50
356	16	316	114
357	16	60	380
358	16	316	114
359	16	232	50
360	16	48	115
361	16	60	380
362	16	38	200
363	16	75	78
364	16	48	115
365	16	6	644
366	16	75	78
367	16	38	200
368	16	40	79
369	19	60	380
370	19	40	79
371	19	40	79
372	19	228	150
373	19	41	95
374	19	40	79
375	19	40	79
376	19	60	380
377	19	75	78
378	19	60	380
379	19	21	335
380	19	38	200
381	19	41	95
382	19	48	115
383	19	232	50
384	19	40	79
385	19	41	95
3435	107	6	644
3436	107	6	644
3437	107	232	50
3438	107	41	95
3439	107	316	114
3440	107	6	644
3441	107	40	79
3442	107	316	114
3443	107	75	78
3444	107	48	115
3445	107	60	380
3446	107	38	200
3447	107	48	115
3448	107	21	335
3449	107	228	150
3450	107	232	50
3451	107	232	50
3452	107	38	200
3453	107	18	420
3454	107	41	95
3455	107	228	150
3456	107	21	335
3457	107	18	420
3458	107	60	380
3459	107	60	380
3460	107	21	335
3461	107	316	114
3462	107	38	200
3463	107	60	380
3464	107	18	420
3465	13	60	380
3466	13	18	420
3467	13	18	420
3468	13	75	78
3469	13	232	50
3470	13	18	420
3471	13	40	79
3472	13	60	380
3473	13	18	420
3474	13	232	50
3475	13	21	335
3476	13	40	79
3477	13	40	79
3478	13	40	79
3479	13	21	335
3480	13	38	200
3481	13	21	335
3482	13	41	95
3483	13	41	95
3484	83	38	200
3485	83	301	420
3486	83	228	150
3487	83	228	150
3488	83	21	335
3489	83	6	644
3490	83	48	115
3491	83	48	115
3492	83	60	380
3493	83	301	420
3494	83	301	420
3495	83	21	335
3496	83	228	150
3497	83	228	150
3498	83	18	420
3499	83	301	420
3500	83	75	78
3501	83	48	115
3502	83	38	200
3503	83	6	644
3504	83	40	79
3505	83	41	95
3506	83	41	95
3507	83	316	114
3508	83	228	150
3509	83	60	380
3510	83	75	78
3511	83	6	644
3512	83	6	644
3513	83	41	95
3514	83	301	420
3515	83	38	200
3516	83	6	644
3517	83	48	115
3518	83	6	644
3519	83	38	200
3520	83	48	115
3521	83	60	380
3522	83	316	114
3523	83	18	420
3524	83	21	335
3525	83	41	95
3526	83	38	200
3527	83	6	644
3528	83	38	200
3529	83	40	79
3530	83	301	420
3531	83	21	335
3532	83	232	50
3533	83	232	50
3534	83	21	335
3535	83	21	335
3536	83	40	79
3537	83	60	380
3538	83	232	50
3539	83	18	420
3540	83	21	335
3541	83	232	50
3542	83	18	420
3543	83	21	335
3544	25	228	150
3545	25	41	95
3546	25	41	95
3547	25	38	200
3548	25	48	115
3549	25	301	420
3550	25	316	114
3551	25	18	420
3552	25	41	95
3553	25	228	150
3554	25	40	79
3555	25	228	150
3556	25	6	644
3557	25	40	79
3558	25	6	644
3559	25	41	95
3560	25	6	644
3561	25	21	335
3562	25	38	200
3563	25	232	50
3564	25	41	95
3565	25	48	115
3566	25	21	335
3567	25	6	644
3568	25	41	95
3569	25	40	79
3570	25	21	335
3571	25	40	79
3572	25	41	95
3573	25	41	95
3574	25	301	420
3575	42	232	50
3576	42	6	644
3577	42	41	95
3578	42	41	95
3579	42	316	114
3580	42	21	335
3581	42	48	115
3582	42	18	420
3583	42	6	644
3584	42	228	150
3585	42	75	78
3586	42	18	420
3587	42	21	335
3588	42	6	644
3589	42	48	115
3590	42	21	335
3591	42	38	200
3592	42	228	150
3593	42	18	420
3594	99	40	79
3595	99	40	79
3596	99	301	420
3597	99	316	114
3598	99	301	420
3599	99	232	50
3600	99	6	644
3601	99	6	644
3602	99	40	79
3603	99	316	114
3604	99	38	200
3605	99	21	335
3606	99	228	150
3607	99	316	114
3608	99	60	380
3609	99	48	115
3610	99	232	50
3611	99	18	420
3612	99	301	420
3613	99	75	78
3614	99	232	50
3615	99	60	380
3616	99	6	644
3617	99	18	420
3618	99	60	380
3619	99	60	380
3620	99	38	200
3621	99	228	150
3622	99	40	79
3623	99	40	79
3624	99	48	115
3625	99	301	420
3626	99	301	420
3627	99	21	335
3628	99	41	95
3629	99	40	79
3630	99	18	420
3631	99	48	115
3632	99	40	79
3633	99	41	95
3634	99	21	335
3635	99	301	420
3636	99	60	380
3637	99	6	644
3638	99	40	79
3639	99	21	335
3640	99	60	380
3641	99	38	200
3642	99	38	200
3643	99	21	335
3644	99	21	335
3645	99	21	335
3646	99	228	150
3647	99	38	200
3648	99	38	200
3649	99	41	95
3650	99	228	150
3651	99	60	380
3652	99	38	200
3653	43	232	50
3654	43	228	150
3655	43	228	150
3656	43	60	380
3657	43	75	78
3658	43	38	200
3659	43	232	50
3660	43	6	644
3661	43	316	114
3662	43	38	200
3663	43	41	95
3664	43	75	78
3665	43	232	50
3666	43	6	644
3667	26	38	200
3668	26	38	200
3669	26	48	115
3670	26	48	115
3671	26	48	115
3672	26	316	114
3673	26	316	114
3674	26	316	114
3675	26	60	380
3676	26	75	78
3677	26	6	644
3678	26	6	644
3679	26	228	150
3680	26	60	380
3681	26	38	200
3682	26	75	78
3683	26	48	115
3684	26	6	644
3685	26	316	114
3686	26	6	644
3687	26	6	644
3688	26	75	78
3689	26	75	78
3690	26	18	420
3691	26	316	114
3692	26	38	200
3693	26	60	380
3694	26	301	420
3695	26	21	335
3696	26	60	380
3697	26	60	380
3698	26	41	95
3699	26	228	150
3700	26	18	420
3701	26	75	78
3702	26	40	79
3703	26	228	150
3704	26	316	114
3705	26	18	420
3706	26	41	95
3707	26	301	420
3708	26	18	420
3709	26	41	95
3710	26	48	115
3711	26	301	420
3712	26	301	420
3713	26	41	95
3714	26	18	420
3715	26	316	114
3716	26	18	420
3717	26	21	335
3718	26	228	150
3719	26	18	420
3720	26	21	335
3721	26	232	50
3722	26	228	150
3723	26	41	95
3724	26	41	95
3725	26	41	95
3726	26	60	380
3727	26	6	644
3728	26	6	644
3729	26	6	644
3730	26	232	50
3731	26	18	420
3732	26	75	78
3733	26	21	335
3734	26	75	78
3735	26	301	420
3736	26	38	200
3737	26	40	79
3738	26	40	79
3739	26	41	95
3740	26	316	114
3741	26	228	150
3742	26	6	644
3743	26	41	95
3744	26	21	335
3745	26	21	335
3746	26	21	335
3747	26	40	79
3748	26	41	95
3749	26	75	78
3750	26	48	115
3751	26	60	380
3752	26	232	50
3753	95	6	644
3754	95	38	200
3755	95	316	114
3756	95	60	380
3757	95	38	200
3758	95	316	114
3759	95	60	380
3760	95	18	420
3761	95	232	50
3762	95	60	380
3763	95	40	79
3764	95	228	150
3765	95	38	200
3766	95	301	420
3767	95	18	420
3768	95	301	420
3769	95	6	644
3770	95	232	50
3771	95	41	95
3772	95	18	420
3773	95	38	200
3774	95	301	420
3775	95	40	79
3776	95	41	95
3777	95	6	644
3778	95	316	114
3779	95	41	95
3780	112	38	200
3781	112	38	200
3782	112	228	150
3783	112	40	79
3784	112	48	115
3785	112	60	380
3786	112	232	50
3787	112	228	150
3788	112	38	200
3789	112	48	115
3790	112	75	78
3791	112	18	420
3792	112	18	420
3793	112	38	200
3794	112	75	78
3795	112	40	79
3796	112	75	78
3797	112	6	644
3798	112	75	78
3799	112	6	644
3800	112	232	50
3801	112	41	95
3802	112	21	335
3803	112	21	335
3804	112	18	420
3805	112	48	115
3806	112	60	380
3807	112	18	420
3808	112	21	335
3809	112	75	78
3810	112	301	420
3811	112	48	115
3812	112	38	200
3813	112	41	95
3814	112	228	150
3815	112	316	114
3816	112	75	78
4200	88	75	78
4201	88	232	50
4202	88	6	644
4203	88	75	78
4204	88	75	78
4205	88	21	335
4206	88	40	79
4207	88	228	150
4208	88	38	200
4209	88	316	114
4210	88	316	114
4211	88	18	420
4212	88	18	420
4213	88	60	380
4214	88	75	78
4215	88	40	79
4216	88	48	115
4217	88	18	420
4218	88	316	114
4219	88	18	420
4220	88	38	200
4221	88	228	150
4222	88	60	380
4223	88	228	150
4224	88	232	50
4225	88	232	50
4226	88	48	115
4227	88	75	78
4228	88	41	95
4229	88	301	420
4230	88	6	644
4231	88	41	95
4232	88	60	380
4233	88	18	420
4234	88	41	95
4235	88	48	115
4236	88	38	200
4237	84	40	79
4238	84	60	380
4239	84	48	115
4240	84	6	644
4241	84	301	420
4242	84	60	380
4243	84	301	420
4244	84	301	420
4245	84	232	50
4246	84	18	420
4247	84	228	150
4248	84	301	420
4249	84	38	200
4250	84	6	644
4251	84	41	95
4252	84	232	50
4253	84	228	150
4254	84	38	200
4255	84	228	150
4256	84	40	79
4257	84	38	200
4258	84	38	200
4259	84	6	644
4260	84	40	79
4261	84	301	420
4262	84	60	380
4263	84	41	95
4264	84	6	644
4265	84	18	420
4266	84	316	114
4267	84	228	150
4268	84	41	95
4269	84	38	200
4270	84	40	79
4271	84	48	115
4272	84	75	78
4273	84	75	78
4274	84	18	420
4275	84	301	420
4276	84	232	50
4277	84	38	200
4278	84	41	95
4279	84	48	115
4280	84	48	115
4281	84	41	95
4282	84	232	50
4283	84	40	79
4284	84	38	200
4285	84	21	335
4286	84	18	420
4287	84	60	380
4288	84	48	115
4289	84	40	79
4290	84	60	380
4291	84	228	150
4292	84	6	644
4293	84	21	335
4294	84	21	335
4295	84	18	420
4296	84	40	79
4297	84	232	50
4298	84	75	78
4299	84	228	150
4300	84	18	420
4301	84	38	200
4302	84	38	200
4303	84	18	420
4304	84	21	335
4305	84	41	95
4306	21	6	644
4307	21	316	114
4308	21	18	420
4309	21	60	380
4310	21	21	335
4311	21	60	380
4312	21	48	115
4313	21	60	380
4314	21	228	150
4315	21	301	420
4316	21	301	420
4317	21	40	79
4318	21	21	335
4319	21	6	644
4320	21	75	78
4321	21	75	78
4322	21	6	644
4323	21	21	335
4324	21	18	420
4325	21	21	335
4326	21	48	115
4327	21	6	644
4328	21	18	420
4329	21	40	79
4330	21	18	420
4331	21	40	79
4332	21	301	420
4333	21	38	200
4334	21	60	380
4335	21	6	644
4336	21	75	78
4337	21	301	420
4338	21	316	114
4339	21	18	420
4340	21	21	335
4341	21	75	78
4342	21	301	420
4343	21	301	420
4344	21	48	115
4345	21	41	95
4346	21	40	79
4347	21	21	335
4348	21	228	150
4349	21	48	115
4350	21	21	335
4351	21	228	150
4352	21	48	115
4353	21	38	200
4354	21	75	78
4355	21	301	420
4356	21	41	95
4357	21	48	115
4358	21	301	420
4359	21	48	115
4360	21	228	150
4361	21	228	150
4362	21	232	50
4363	21	41	95
4364	21	6	644
4365	21	41	95
4366	21	48	115
4367	21	75	78
4368	21	18	420
4369	21	38	200
4370	21	18	420
4371	21	38	200
4372	52	316	114
4373	52	75	78
4374	52	316	114
4375	52	18	420
4376	52	40	79
4377	52	232	50
4378	52	75	78
4379	52	228	150
4380	52	6	644
4381	52	316	114
4382	52	40	79
4383	52	40	79
4384	52	301	420
4385	52	75	78
4386	52	316	114
4387	52	21	335
4388	52	60	380
4389	52	38	200
4390	52	6	644
4391	52	40	79
4392	53	41	95
4393	53	40	79
4394	53	301	420
4395	53	75	78
4396	53	40	79
4397	53	316	114
4398	53	21	335
4399	53	48	115
4400	53	6	644
4401	53	41	95
4402	53	21	335
4403	53	75	78
4404	53	18	420
4405	53	40	79
4406	53	38	200
4407	53	6	644
4408	31	18	420
4409	31	18	420
4410	31	75	78
4411	31	41	95
4412	31	41	95
4413	31	301	420
4414	31	40	79
4415	31	21	335
4416	31	228	150
4417	31	75	78
4418	31	48	115
4419	31	228	150
4420	31	40	79
4421	31	301	420
4422	31	38	200
4423	31	316	114
4424	31	38	200
4425	31	21	335
4426	31	18	420
4427	31	6	644
4428	31	41	95
4429	31	60	380
4430	31	6	644
4431	31	232	50
4432	31	316	114
4433	73	6	644
4434	73	18	420
4435	73	38	200
4436	73	6	644
4437	73	40	79
4438	73	41	95
4439	73	18	420
4440	73	40	79
4441	73	228	150
4442	73	60	380
4443	73	75	78
4444	73	21	335
4445	73	316	114
4446	73	228	150
4447	73	21	335
4448	73	38	200
4449	73	301	420
4450	73	48	115
4451	73	232	50
4452	73	232	50
4453	73	21	335
4454	73	21	335
4455	73	18	420
4456	73	38	200
4457	73	38	200
4458	73	60	380
4459	73	228	150
4460	73	38	200
4461	73	41	95
4462	73	60	380
4463	73	38	200
4464	73	41	95
4465	73	301	420
4466	73	60	380
4467	73	41	95
4468	73	75	78
4469	73	75	78
4470	73	60	380
4471	73	40	79
4472	73	316	114
4473	73	18	420
4474	73	38	200
4475	73	75	78
4476	73	232	50
4477	73	18	420
4478	73	18	420
4479	73	18	420
4480	73	316	114
4481	73	60	380
4482	73	6	644
4483	73	60	380
4484	73	228	150
4485	73	38	200
4486	73	316	114
4487	73	6	644
4488	73	48	115
4489	73	38	200
4490	73	232	50
4491	73	316	114
4492	73	316	114
4493	73	41	95
4494	73	6	644
4495	73	18	420
4496	73	6	644
4497	73	60	380
4498	73	60	380
4499	73	6	644
4500	73	48	115
4501	73	18	420
4502	73	40	79
4503	73	38	200
4504	73	38	200
4505	73	60	380
4506	73	21	335
4507	73	21	335
4508	73	316	114
4509	73	40	79
4510	73	38	200
4511	73	41	95
4512	73	75	78
4513	73	40	79
4514	73	6	644
4515	73	316	114
4516	73	60	380
4517	73	316	114
4518	73	228	150
4519	73	18	420
4520	73	6	644
4521	73	301	420
4522	73	228	150
4523	37	6	644
4524	37	232	50
4525	37	232	50
4526	37	6	644
4527	37	41	95
4528	37	41	95
4529	37	18	420
4530	37	232	50
4531	37	60	380
4532	37	41	95
4533	37	21	335
4534	37	228	150
4535	37	6	644
4536	37	40	79
4537	37	75	78
4538	37	316	114
4539	37	301	420
4540	37	38	200
4541	37	21	335
4542	37	301	420
4543	37	301	420
4544	37	21	335
4545	37	40	79
4546	37	21	335
4547	37	75	78
4548	37	18	420
4549	37	40	79
4550	37	6	644
4551	37	316	114
4552	37	21	335
4553	37	316	114
4554	37	228	150
4555	37	6	644
4556	37	60	380
4557	37	232	50
4558	37	48	115
4559	37	6	644
4560	37	75	78
4561	37	41	95
4562	37	60	380
4563	37	41	95
4564	37	60	380
4565	37	41	95
4566	37	41	95
4567	37	232	50
4568	37	41	95
4569	37	21	335
4570	37	60	380
4571	37	316	114
4572	37	40	79
4573	37	21	335
4574	37	40	79
4575	37	48	115
4576	37	60	380
4577	37	60	380
4578	37	48	115
4579	37	301	420
4580	37	232	50
4581	37	48	115
4582	37	41	95
4583	37	6	644
4584	37	21	335
4585	37	21	335
4586	37	6	644
4587	37	228	150
4588	37	18	420
4589	37	48	115
4590	37	232	50
4591	87	232	50
4592	87	48	115
4593	87	41	95
4594	87	41	95
4595	38	232	50
4596	38	40	79
4597	38	40	79
4598	38	6	644
4599	38	75	78
4600	38	6	644
4601	38	40	79
4602	38	21	335
4603	38	40	79
4604	38	228	150
4605	38	316	114
4606	38	75	78
4607	38	38	200
4608	38	41	95
4609	38	228	150
4610	38	316	114
4611	38	232	50
4612	38	228	150
4613	38	75	78
4614	38	6	644
4615	38	232	50
4616	38	228	150
4617	38	18	420
4618	38	41	95
4619	38	301	420
4620	38	21	335
4621	38	40	79
4622	38	21	335
4623	38	60	380
4624	38	228	150
4625	38	6	644
4626	38	41	95
4627	38	18	420
4628	38	41	95
4629	38	48	115
4630	38	18	420
4631	38	48	115
4632	38	228	150
4633	38	38	200
4634	38	228	150
4635	38	301	420
4636	38	6	644
4637	38	228	150
4638	38	75	78
4639	38	41	95
4640	38	60	380
4641	38	316	114
4642	38	38	200
4643	38	41	95
4644	38	316	114
4645	38	40	79
4646	38	40	79
4647	38	48	115
4648	38	48	115
4649	38	316	114
4650	38	21	335
4651	38	316	114
4652	38	6	644
4653	38	40	79
4654	38	40	79
4655	38	228	150
4656	38	41	95
4657	38	228	150
4658	38	75	78
4659	38	228	150
4660	38	38	200
4661	38	18	420
4662	38	38	200
4663	38	6	644
4664	38	40	79
4665	38	18	420
4666	38	316	114
4667	38	41	95
4668	38	75	78
4669	38	301	420
4670	38	232	50
4671	38	48	115
4672	38	40	79
4673	38	21	335
4674	38	75	78
4675	38	6	644
4676	38	48	115
4677	38	38	200
4678	58	6	644
4679	58	75	78
4680	58	316	114
4681	58	316	114
4682	58	6	644
4683	58	18	420
4684	58	18	420
4685	58	232	50
4686	58	48	115
4687	58	232	50
4688	58	232	50
4689	58	40	79
4690	58	18	420
4691	58	75	78
4692	58	301	420
4693	58	21	335
4694	58	40	79
4695	58	228	150
4696	58	232	50
4697	58	316	114
4698	58	316	114
4699	58	48	115
4700	58	60	380
4701	58	38	200
4702	58	232	50
4703	58	228	150
4704	58	21	335
4705	58	75	78
4706	58	38	200
4707	58	41	95
4708	58	48	115
4709	58	40	79
4710	58	41	95
4711	58	38	200
4712	58	18	420
4713	58	48	115
4714	58	41	95
4715	58	21	335
4716	58	40	79
4717	58	75	78
4718	58	6	644
4719	58	38	200
4720	58	40	79
4721	58	21	335
4722	58	21	335
4723	58	6	644
4724	58	40	79
4725	58	60	380
4726	58	228	150
4727	58	21	335
4728	58	38	200
4729	58	60	380
4730	58	316	114
4731	34	228	150
4732	34	60	380
4733	34	301	420
4734	34	6	644
4735	34	60	380
4736	34	75	78
4737	34	48	115
4738	34	18	420
4739	34	40	79
4740	34	232	50
4741	34	40	79
4742	34	48	115
4743	34	41	95
4744	34	228	150
4745	34	301	420
4746	34	316	114
4747	34	316	114
4748	34	316	114
4749	34	75	78
4750	34	6	644
4751	34	232	50
4752	34	21	335
4753	34	6	644
4754	34	21	335
4755	34	316	114
4756	34	232	50
4757	34	41	95
4758	34	6	644
4759	34	48	115
4760	34	18	420
4761	34	75	78
4762	34	38	200
4763	34	316	114
4764	34	301	420
4765	34	40	79
4766	34	38	200
4767	34	60	380
4768	34	228	150
4769	34	40	79
4770	34	75	78
4771	34	316	114
4772	34	316	114
4773	34	41	95
4774	34	18	420
4775	34	48	115
4776	34	6	644
4777	34	232	50
4778	34	38	200
4779	34	228	150
4780	34	232	50
4781	34	40	79
4782	34	301	420
4783	34	6	644
4784	34	41	95
4785	34	232	50
4786	34	228	150
4787	34	40	79
4788	34	40	79
4789	34	228	150
4790	34	228	150
4791	34	41	95
4792	34	228	150
4793	34	18	420
4794	34	21	335
4795	34	41	95
4796	34	41	95
4797	34	41	95
4798	34	6	644
4799	34	38	200
4800	34	316	114
4801	34	75	78
4802	34	75	78
4803	34	48	115
4804	34	40	79
4805	34	18	420
4806	34	6	644
4807	34	41	95
4808	34	75	78
4809	34	38	200
4810	34	38	200
4811	34	232	50
4812	34	301	420
4813	63	75	78
4814	63	6	644
4815	63	228	150
4816	63	316	114
4817	63	40	79
4818	63	18	420
4819	63	60	380
4820	63	21	335
4821	63	60	380
4822	63	40	79
4823	63	38	200
4824	63	316	114
4825	63	228	150
4826	63	301	420
4827	63	21	335
4828	63	228	150
4829	63	232	50
4830	63	232	50
4831	63	316	114
4832	63	232	50
4833	63	41	95
4834	63	18	420
4835	63	75	78
4836	63	41	95
4837	63	60	380
4838	63	75	78
4839	63	316	114
4840	63	228	150
4841	63	228	150
4842	63	40	79
4843	63	316	114
4844	63	316	114
4845	63	41	95
4846	63	48	115
4847	63	48	115
4848	63	228	150
4849	63	301	420
4850	63	18	420
4851	63	75	78
4852	63	21	335
4853	63	41	95
4854	63	21	335
4855	63	75	78
4856	63	21	335
4857	63	232	50
4858	63	18	420
4859	63	6	644
4860	63	228	150
4861	63	6	644
4862	63	316	114
4863	63	301	420
4864	63	41	95
4865	63	232	50
4866	63	301	420
4867	63	232	50
4868	63	41	95
4869	63	60	380
4870	63	60	380
4871	63	21	335
4872	63	41	95
4873	63	75	78
4874	63	232	50
4875	63	18	420
4876	63	41	95
4877	63	41	95
4878	63	301	420
4879	63	21	335
4880	63	6	644
4881	63	316	114
4882	63	21	335
4883	63	38	200
4884	63	18	420
4885	63	41	95
4886	63	38	200
4887	63	40	79
4888	63	38	200
4889	63	40	79
4890	63	40	79
4891	63	18	420
4892	63	40	79
4893	63	18	420
4894	63	228	150
4895	63	228	150
4896	64	41	95
4897	64	316	114
4898	64	40	79
4899	64	6	644
4900	64	40	79
4901	64	60	380
4902	64	41	95
4903	64	38	200
4904	64	41	95
4905	64	60	380
4906	64	301	420
4907	64	232	50
4908	64	21	335
4909	64	232	50
4910	64	232	50
4911	64	232	50
4912	64	6	644
4913	64	21	335
4914	64	6	644
4915	64	41	95
4916	64	41	95
4917	64	40	79
4918	64	316	114
4919	64	316	114
4920	64	316	114
4921	64	232	50
4922	64	18	420
4923	64	232	50
4924	64	301	420
4925	64	75	78
4926	64	228	150
4927	64	18	420
4928	64	301	420
4929	64	21	335
4930	64	21	335
4931	64	75	78
4932	64	228	150
4933	64	60	380
4934	64	38	200
4935	64	38	200
4936	64	21	335
4937	64	232	50
4938	64	18	420
4939	64	40	79
4940	64	228	150
4941	64	6	644
4942	64	21	335
4943	64	228	150
4944	64	21	335
4945	64	38	200
4946	64	38	200
4947	64	60	380
4948	64	301	420
4949	64	6	644
4950	64	40	79
4951	64	40	79
4952	64	75	78
4953	64	48	115
4954	64	38	200
4955	64	60	380
4956	64	41	95
4957	64	18	420
4958	64	316	114
4959	64	18	420
4960	64	40	79
4961	64	232	50
4962	64	6	644
4963	64	18	420
4964	64	48	115
4965	64	38	200
4966	64	40	79
4967	64	301	420
3817	112	316	114
3818	112	60	380
3819	112	38	200
3820	112	21	335
3821	112	48	115
3822	112	41	95
3823	112	40	79
3824	112	228	150
3825	112	40	79
3826	67	228	150
3827	67	41	95
3828	67	301	420
3829	67	228	150
3830	67	38	200
3831	67	18	420
3832	67	75	78
3833	67	48	115
3834	67	21	335
3835	67	41	95
3836	67	6	644
3837	67	38	200
3838	67	301	420
3839	67	6	644
3840	67	232	50
3841	67	18	420
3842	67	38	200
3843	67	40	79
3844	67	232	50
3845	67	6	644
3846	67	38	200
3847	67	60	380
3848	67	60	380
3849	67	60	380
3850	67	228	150
3851	67	18	420
3852	67	75	78
3853	67	18	420
3854	67	232	50
3855	67	38	200
3856	67	228	150
3857	67	301	420
3858	67	301	420
3859	67	48	115
3860	67	48	115
3861	67	75	78
3862	67	60	380
3863	67	41	95
3864	67	41	95
3865	67	316	114
3866	67	232	50
3867	67	48	115
3868	67	6	644
3869	67	48	115
3870	67	60	380
3871	67	75	78
3872	67	60	380
3873	67	232	50
3874	67	38	200
3875	67	48	115
3876	67	232	50
3877	67	60	380
3878	67	18	420
3879	67	48	115
3880	67	18	420
3881	67	75	78
3882	67	301	420
3883	67	6	644
3884	67	6	644
3885	67	48	115
3886	67	40	79
3887	18	21	335
3888	18	6	644
3889	18	40	79
3890	18	301	420
3891	18	6	644
3892	18	232	50
3893	18	18	420
3894	18	48	115
3895	18	60	380
3896	18	6	644
3897	18	75	78
3898	18	301	420
3899	18	48	115
3900	18	60	380
3901	18	60	380
3902	18	18	420
3903	18	41	95
3904	18	228	150
3905	18	301	420
3906	18	40	79
3907	18	40	79
3908	18	316	114
3909	18	232	50
3910	18	48	115
3911	18	301	420
3912	18	48	115
3913	18	60	380
3914	18	316	114
3915	18	6	644
3916	18	75	78
3917	18	60	380
3918	18	21	335
3919	18	75	78
3920	18	75	78
3921	18	232	50
3922	18	75	78
3923	18	232	50
3924	18	6	644
3925	18	41	95
3926	18	48	115
3927	18	6	644
3928	18	41	95
3929	18	18	420
3930	18	60	380
3931	18	75	78
3932	18	301	420
3933	18	316	114
3934	18	41	95
3935	18	41	95
3936	18	40	79
3937	18	316	114
3938	18	228	150
3939	18	18	420
3940	18	60	380
3941	18	40	79
3942	18	316	114
3943	18	18	420
3944	18	232	50
3945	18	48	115
3946	18	18	420
3947	18	228	150
3948	18	18	420
3949	18	38	200
3950	18	228	150
3951	18	6	644
3952	18	21	335
3953	18	228	150
3954	18	232	50
3955	18	21	335
3956	18	21	335
3957	18	40	79
3958	18	38	200
3959	18	301	420
3960	18	41	95
3961	18	228	150
3962	18	301	420
3963	18	18	420
3964	18	48	115
3965	18	6	644
3966	14	228	150
3967	14	228	150
3968	14	40	79
3969	14	75	78
3970	14	41	95
3971	14	301	420
3972	14	301	420
3973	14	48	115
3974	14	60	380
3975	14	21	335
3976	14	60	380
3977	14	41	95
3978	14	38	200
3979	14	232	50
3980	14	21	335
3981	14	40	79
3982	14	6	644
3983	14	75	78
3984	14	38	200
3985	14	38	200
3986	14	21	335
3987	14	60	380
3988	14	48	115
3989	14	232	50
3990	14	6	644
3991	14	38	200
3992	14	48	115
3993	14	21	335
3994	14	228	150
3995	14	60	380
3996	14	316	114
3997	14	301	420
3998	14	40	79
3999	14	18	420
4000	14	60	380
4001	14	228	150
4002	14	228	150
4003	14	38	200
4004	14	38	200
4005	14	40	79
4006	14	41	95
4007	14	232	50
4008	14	316	114
4009	14	301	420
4010	14	316	114
4011	14	232	50
4012	14	6	644
4013	14	228	150
4014	14	232	50
4015	14	38	200
4016	98	6	644
4017	98	232	50
4018	98	60	380
4019	98	232	50
4020	98	75	78
4021	98	228	150
4022	98	41	95
4023	22	301	420
4024	22	75	78
4025	22	232	50
4026	22	38	200
4027	22	40	79
4028	22	75	78
4029	22	228	150
4030	22	18	420
4031	22	316	114
4032	22	6	644
4033	22	40	79
4034	22	6	644
4035	22	41	95
4036	79	228	150
4037	79	18	420
4038	79	6	644
4039	79	316	114
4040	79	18	420
4041	79	228	150
4042	79	60	380
4043	79	41	95
4044	79	232	50
4045	79	301	420
4046	79	38	200
4047	79	48	115
4048	79	60	380
4049	79	38	200
4050	79	40	79
4051	79	75	78
4052	79	40	79
4053	79	75	78
4054	79	75	78
4055	79	38	200
4056	79	21	335
4057	79	38	200
4058	79	21	335
4059	79	75	78
4060	28	232	50
4061	28	75	78
4062	28	316	114
4063	28	75	78
4064	28	41	95
4065	28	75	78
4066	28	316	114
4067	28	48	115
4068	28	75	78
4069	28	48	115
4070	28	301	420
4071	28	228	150
4072	28	18	420
4073	28	6	644
4074	28	316	114
4075	28	316	114
4076	28	40	79
4077	28	38	200
4078	28	38	200
4079	28	60	380
4080	28	60	380
4081	28	38	200
4082	28	75	78
4083	28	48	115
4084	28	21	335
4085	28	21	335
4086	28	301	420
4087	28	41	95
4088	28	41	95
4089	28	60	380
4090	28	228	150
4091	109	48	115
4092	109	48	115
4093	109	38	200
4094	109	232	50
4095	109	48	115
4096	109	6	644
4097	109	41	95
4098	109	48	115
4099	109	48	115
4100	109	6	644
4101	109	40	79
4102	109	60	380
4103	109	18	420
4104	109	6	644
4105	109	40	79
4106	109	41	95
4107	109	38	200
4108	109	301	420
4109	109	6	644
4110	109	228	150
4111	109	232	50
4112	109	6	644
4113	109	40	79
4114	109	6	644
4115	109	38	200
4116	109	75	78
4117	109	48	115
4118	109	301	420
4119	39	38	200
4120	39	75	78
4121	39	6	644
4122	39	316	114
4123	39	21	335
4124	39	232	50
4125	39	21	335
4126	39	38	200
4127	39	40	79
4128	39	316	114
4129	39	228	150
4130	39	40	79
4131	39	6	644
4132	39	40	79
4133	39	48	115
4134	39	6	644
4135	39	316	114
4136	39	75	78
4137	39	40	79
4138	39	40	79
4139	39	75	78
4140	39	21	335
4141	39	38	200
4142	39	75	78
4143	39	48	115
4144	39	40	79
4145	39	21	335
4146	39	41	95
4147	39	228	150
4148	39	232	50
4149	39	75	78
4150	39	18	420
4151	39	228	150
4152	39	75	78
4153	39	232	50
4154	39	6	644
4155	39	232	50
4156	39	18	420
4157	39	38	200
4158	39	21	335
4159	39	228	150
4160	39	6	644
4161	39	60	380
4162	39	228	150
4163	39	41	95
4164	80	232	50
4165	80	18	420
4166	80	6	644
4167	80	21	335
4168	80	48	115
4169	80	75	78
4170	80	41	95
4171	88	75	78
4172	88	75	78
4173	88	6	644
4174	88	21	335
4175	88	41	95
4176	88	232	50
4177	88	6	644
4178	88	40	79
4179	88	75	78
4180	88	232	50
4181	88	40	79
4182	88	228	150
4183	88	232	50
4184	88	21	335
4185	88	232	50
4186	88	18	420
4187	88	41	95
4188	88	301	420
4189	88	18	420
4190	88	6	644
4191	88	41	95
4192	88	60	380
4193	88	18	420
4194	88	40	79
4195	88	316	114
4196	88	18	420
4197	88	60	380
4198	88	21	335
4199	88	6	644
1917	103	301	420
1918	103	228	150
1919	103	301	420
1920	103	18	420
1921	103	6	644
1922	103	41	95
1923	103	48	115
1924	103	48	115
1925	103	228	150
1926	103	48	115
1927	103	18	420
1928	103	18	420
1929	103	38	200
1930	103	301	420
1931	103	41	95
1932	103	6	644
1933	103	6	644
1934	103	60	380
1935	103	60	380
1936	103	75	78
1937	103	40	79
1938	103	75	78
1939	103	6	644
1940	103	18	420
1941	103	60	380
1942	100	18	420
1943	100	75	78
1944	100	18	420
1945	100	21	335
1946	100	316	114
1947	100	228	150
1948	100	75	78
1949	100	40	79
1950	100	75	78
1951	100	6	644
1952	100	228	150
1953	100	41	95
1954	100	48	115
1955	100	301	420
1956	100	75	78
1957	100	60	380
1958	100	316	114
1959	100	38	200
1960	100	38	200
1961	100	18	420
1962	100	38	200
1963	100	38	200
1964	100	316	114
1965	100	232	50
1966	100	21	335
1967	100	6	644
1968	100	228	150
1969	100	21	335
1970	100	21	335
1971	100	40	79
1972	100	316	114
1973	100	38	200
1974	100	40	79
1975	100	232	50
1976	100	41	95
1977	100	6	644
1978	100	316	114
1979	100	41	95
1980	100	41	95
1981	100	301	420
1982	100	41	95
1983	100	38	200
1984	100	18	420
1985	100	75	78
1986	100	232	50
1987	100	18	420
1988	100	48	115
1989	100	301	420
1990	100	40	79
1991	100	316	114
1992	30	301	420
1993	30	6	644
1994	30	48	115
1995	30	48	115
1996	30	21	335
1997	30	60	380
1998	30	40	79
1999	30	41	95
2000	30	228	150
2001	30	301	420
2002	30	21	335
2003	30	6	644
2004	30	6	644
2005	30	6	644
2006	30	48	115
2007	30	18	420
2008	30	228	150
2009	30	75	78
2010	30	48	115
2011	30	41	95
2012	30	41	95
2013	30	228	150
2014	30	60	380
2015	30	40	79
2016	30	316	114
2017	30	301	420
2018	30	232	50
2019	30	40	79
2020	30	75	78
2021	30	301	420
2022	30	21	335
2023	30	60	380
2024	30	301	420
2025	30	316	114
2026	30	6	644
2027	30	228	150
2028	30	38	200
2029	30	40	79
2030	30	21	335
2031	30	6	644
2032	30	6	644
2033	30	40	79
2034	30	18	420
2035	30	18	420
2036	30	41	95
2037	30	301	420
2038	30	21	335
2039	30	21	335
2040	30	301	420
2041	30	316	114
2042	30	301	420
2043	30	6	644
2044	30	48	115
2045	30	21	335
2046	30	40	79
2047	30	21	335
2048	30	228	150
2049	30	21	335
2050	30	60	380
2051	30	316	114
2052	30	228	150
2053	30	228	150
2054	30	40	79
2055	30	41	95
2056	30	48	115
2057	30	41	95
2058	30	38	200
2059	30	228	150
2060	30	316	114
2061	30	41	95
2062	30	228	150
2063	30	228	150
2064	30	228	150
2065	92	232	50
2066	92	21	335
2067	92	301	420
2068	92	18	420
2069	92	41	95
2070	92	38	200
2071	92	228	150
2072	92	6	644
2073	92	38	200
2074	92	38	200
2075	92	38	200
2076	92	301	420
2077	92	48	115
2078	92	6	644
2079	92	228	150
2080	92	18	420
2081	92	228	150
2082	92	301	420
2083	92	232	50
2084	92	18	420
2085	92	6	644
2086	92	41	95
2087	92	48	115
2088	92	40	79
2089	92	21	335
2090	92	38	200
2091	92	316	114
2092	92	6	644
2093	92	18	420
2094	92	60	380
2095	92	75	78
2096	92	6	644
2097	92	228	150
2098	92	301	420
2099	92	18	420
2100	92	21	335
2101	92	232	50
2102	92	75	78
2103	92	38	200
2104	92	21	335
2105	92	38	200
2106	92	48	115
2107	92	228	150
2108	92	228	150
2109	92	60	380
2110	92	301	420
2111	92	232	50
2112	92	40	79
2113	92	38	200
2114	92	228	150
2115	92	48	115
2116	92	40	79
2117	92	21	335
2118	92	6	644
2119	92	301	420
2120	92	40	79
2121	92	40	79
2122	92	41	95
2123	92	40	79
2124	92	48	115
2125	92	75	78
2126	92	40	79
2127	92	60	380
2128	92	228	150
2129	92	75	78
2130	92	316	114
2131	92	75	78
2132	92	232	50
2133	92	301	420
2134	92	38	200
2135	92	18	420
2136	92	232	50
2137	92	316	114
2138	92	232	50
2139	92	301	420
2140	92	40	79
2141	92	60	380
2142	92	60	380
2143	92	316	114
2144	92	232	50
2145	92	40	79
2146	92	21	335
2147	92	38	200
2148	92	48	115
2149	92	38	200
2150	92	75	78
2151	92	232	50
2152	92	301	420
2153	92	41	95
2154	60	18	420
2155	60	41	95
2156	60	60	380
2157	60	301	420
2158	60	21	335
2159	60	48	115
2160	60	41	95
2161	60	18	420
2162	60	41	95
2163	60	6	644
2164	60	40	79
2165	60	48	115
2166	60	75	78
2167	60	18	420
2168	60	41	95
2169	60	60	380
2170	60	41	95
2171	60	75	78
2172	60	21	335
2173	60	18	420
2174	66	48	115
2175	66	40	79
2176	66	18	420
2177	66	6	644
2178	66	301	420
2179	66	18	420
2180	66	232	50
2181	66	38	200
2182	66	48	115
2183	66	18	420
2184	66	41	95
2185	66	232	50
2186	66	301	420
2187	66	18	420
2188	66	6	644
2189	66	21	335
2190	66	48	115
2191	66	21	335
2192	66	60	380
2193	66	60	380
2194	66	60	380
2195	66	18	420
2196	66	48	115
2197	66	316	114
2198	66	48	115
2199	66	18	420
2200	66	18	420
2201	66	48	115
2202	66	38	200
2203	66	38	200
2204	66	40	79
2205	66	228	150
2206	66	301	420
2207	66	48	115
2208	66	228	150
2209	66	38	200
2210	66	60	380
2211	66	316	114
2212	66	60	380
2213	66	6	644
2214	66	228	150
2215	66	6	644
2216	66	232	50
2217	66	48	115
2218	66	18	420
2219	66	75	78
2220	66	301	420
2221	66	301	420
2222	66	21	335
2223	66	38	200
2224	66	21	335
2225	66	228	150
2226	66	40	79
2227	66	301	420
2228	66	48	115
2229	66	228	150
2230	66	228	150
2231	66	301	420
2232	66	40	79
2233	66	6	644
2234	66	232	50
2235	66	301	420
2236	66	228	150
2237	66	60	380
2238	66	18	420
2239	66	301	420
2240	66	232	50
2241	66	301	420
2242	66	40	79
2243	66	41	95
2244	66	316	114
2245	66	21	335
2246	66	48	115
2247	66	301	420
2248	66	301	420
2249	66	60	380
2250	66	60	380
2251	66	40	79
2252	77	228	150
2253	77	301	420
2254	77	41	95
2255	77	60	380
2256	77	75	78
2257	77	18	420
2258	77	6	644
2259	77	228	150
2260	77	232	50
2261	77	301	420
2262	77	18	420
2263	77	75	78
2264	77	60	380
2265	77	228	150
2266	77	228	150
2267	77	21	335
2268	77	232	50
2269	77	41	95
2270	77	6	644
2271	77	60	380
2272	77	228	150
2273	77	48	115
2274	77	38	200
2275	76	75	78
2276	68	301	420
2277	68	60	380
2278	68	48	115
2279	68	6	644
2280	68	228	150
2281	68	38	200
2282	68	301	420
2283	68	38	200
2284	68	232	50
2285	68	301	420
2286	68	41	95
2287	68	232	50
2288	68	41	95
2289	68	40	79
2290	68	60	380
2291	68	60	380
2292	68	38	200
2293	68	21	335
2294	68	40	79
2295	68	18	420
2296	68	40	79
2297	68	38	200
2298	68	60	380
2299	68	40	79
2300	68	232	50
2301	68	40	79
2302	68	228	150
2303	68	18	420
2304	68	40	79
2305	68	228	150
2306	68	6	644
2307	68	6	644
2308	68	41	95
2309	68	60	380
2310	68	18	420
2311	68	21	335
2312	68	228	150
2313	68	316	114
2314	68	48	115
2315	68	301	420
2316	68	40	79
2317	68	232	50
2318	68	60	380
2319	68	228	150
2320	68	38	200
2321	68	18	420
2322	68	41	95
2323	68	60	380
2324	68	40	79
2325	68	228	150
2326	68	301	420
2327	68	301	420
2328	68	6	644
2329	68	21	335
2330	68	75	78
2331	68	232	50
2332	68	60	380
2333	68	228	150
2334	68	6	644
2335	68	75	78
2336	68	301	420
2337	68	18	420
2338	68	75	78
2339	68	6	644
2340	68	301	420
2341	68	6	644
2342	68	38	200
2343	68	41	95
2344	68	228	150
2345	68	228	150
2346	68	18	420
2347	68	21	335
2348	68	316	114
2349	68	316	114
2350	68	6	644
2351	68	75	78
2352	68	232	50
2353	68	41	95
2354	68	48	115
2355	68	21	335
2356	68	21	335
2357	68	18	420
2358	70	38	200
2359	70	40	79
2360	70	228	150
2361	70	21	335
2362	70	232	50
2363	70	301	420
2364	70	21	335
2365	70	228	150
2366	70	40	79
2367	70	38	200
2368	70	228	150
2369	70	40	79
2370	70	232	50
2371	70	228	150
2372	70	301	420
2373	70	40	79
2374	70	301	420
2375	70	41	95
2376	70	48	115
2377	70	228	150
2378	70	18	420
2379	70	21	335
2380	70	228	150
2381	70	6	644
2382	70	18	420
2383	70	38	200
2384	70	48	115
2385	70	38	200
2386	70	41	95
2387	70	301	420
2388	70	18	420
2389	70	301	420
2390	70	75	78
2391	70	75	78
2392	70	232	50
2393	70	228	150
2394	70	60	380
2395	70	6	644
2396	70	60	380
2397	70	232	50
2398	70	40	79
2399	70	40	79
2400	70	38	200
2401	70	38	200
2402	70	21	335
2403	70	232	50
2404	70	60	380
2405	70	232	50
2406	70	38	200
2407	70	18	420
2408	70	316	114
2409	70	40	79
2410	70	38	200
2411	70	60	380
2412	70	40	79
2413	70	41	95
2414	70	228	150
2415	70	232	50
2416	70	301	420
2417	70	38	200
2418	70	48	115
2419	70	228	150
2420	70	75	78
2421	70	48	115
2422	70	316	114
2423	70	228	150
2424	70	38	200
2425	70	38	200
2426	70	228	150
2427	70	232	50
2428	70	21	335
2429	70	21	335
2430	70	38	200
2431	70	41	95
2432	70	41	95
2433	41	38	200
2434	41	6	644
2435	41	40	79
2436	41	60	380
2437	41	18	420
2438	41	6	644
2439	41	232	50
2440	41	41	95
2441	41	60	380
2442	41	38	200
2443	41	228	150
2444	41	41	95
2445	41	21	335
2446	41	48	115
2447	41	301	420
2448	41	316	114
2449	41	38	200
2450	41	60	380
2451	41	21	335
2452	41	75	78
2453	41	40	79
2454	41	48	115
2455	41	38	200
2456	41	21	335
2457	41	40	79
2458	41	41	95
2459	41	40	79
2460	41	60	380
2461	41	232	50
2462	41	228	150
2463	41	6	644
2464	41	21	335
2465	41	228	150
2466	41	41	95
2467	41	316	114
2468	41	232	50
2469	41	41	95
2470	41	301	420
2471	41	38	200
2472	41	6	644
2473	41	75	78
2474	85	41	95
2475	85	21	335
2476	85	60	380
2477	85	6	644
2478	85	75	78
2479	85	228	150
2480	85	301	420
2481	85	18	420
2482	15	75	78
2483	15	301	420
2484	15	6	644
2485	15	21	335
2486	15	6	644
2487	15	48	115
2488	15	60	380
2489	15	301	420
2490	15	41	95
2491	15	40	79
2492	15	301	420
2493	15	60	380
2494	15	18	420
2495	15	18	420
2496	15	40	79
2497	15	6	644
2498	15	48	115
2499	15	6	644
2500	15	38	200
2501	15	48	115
2502	15	6	644
2503	15	41	95
2504	15	75	78
2505	15	38	200
2506	15	75	78
2507	15	75	78
2508	15	21	335
2509	15	316	114
2510	15	60	380
2511	15	38	200
2512	15	48	115
2513	15	60	380
2514	15	75	78
2515	15	60	380
2516	15	316	114
2517	15	75	78
2518	15	18	420
2519	15	38	200
2520	15	60	380
2521	15	48	115
2522	15	301	420
2523	15	38	200
2524	15	18	420
2525	15	316	114
2526	15	40	79
2527	15	48	115
2528	15	316	114
2529	15	228	150
2530	15	60	380
2531	15	6	644
2532	15	40	79
2533	15	60	380
2534	15	41	95
2535	15	38	200
2536	15	232	50
2537	15	41	95
2538	15	38	200
2539	15	6	644
2540	15	21	335
2541	15	228	150
2542	15	40	79
2543	15	316	114
2544	15	41	95
2545	15	38	200
2546	15	38	200
2547	15	21	335
2548	15	21	335
2549	15	40	79
2550	15	48	115
2551	15	228	150
2552	15	232	50
2553	44	6	644
2554	44	6	644
2555	44	232	50
2556	44	40	79
2557	44	48	115
2558	44	301	420
2559	44	21	335
2560	44	6	644
2561	44	316	114
2562	44	48	115
2563	44	301	420
2564	44	21	335
2565	1	48	115
2566	1	60	380
2567	1	6	644
2568	1	60	380
2569	1	316	114
2570	1	232	50
2571	1	232	50
2572	1	41	95
2573	1	38	200
2574	1	21	335
2575	1	301	420
2576	1	48	115
2577	1	40	79
2578	1	6	644
2579	1	75	78
2580	1	18	420
2581	1	75	78
2582	1	18	420
2583	1	21	335
2584	1	75	78
2585	1	75	78
2586	1	48	115
2587	1	41	95
2588	1	301	420
2589	1	301	420
2590	1	48	115
2591	1	40	79
2592	1	21	335
2593	1	21	335
2594	1	48	115
2595	1	75	78
2596	1	316	114
2597	1	6	644
2598	1	75	78
2599	1	38	200
2600	1	316	114
2601	1	232	50
2602	1	18	420
2603	1	21	335
2604	1	21	335
2605	1	38	200
2606	1	232	50
2607	1	301	420
2608	1	301	420
2609	1	75	78
2610	1	301	420
2611	1	228	150
2612	1	232	50
2613	1	316	114
2614	1	75	78
2615	1	228	150
2616	1	316	114
2617	1	48	115
2618	1	38	200
2619	1	41	95
2620	1	21	335
2621	1	228	150
2622	1	316	114
2623	1	41	95
2624	1	75	78
2625	1	38	200
2626	1	40	79
2627	1	301	420
2628	1	38	200
2629	1	40	79
2630	1	75	78
2631	1	6	644
2632	1	21	335
2633	1	18	420
2634	1	21	335
2635	1	41	95
2636	96	18	420
2637	96	6	644
2638	96	6	644
2639	96	6	644
2640	96	301	420
2641	96	232	50
2642	96	232	50
2643	96	41	95
2644	96	232	50
2645	96	316	114
2646	96	21	335
2647	96	40	79
2648	96	6	644
2649	96	60	380
2650	96	60	380
2651	96	232	50
2652	96	40	79
2653	96	75	78
2654	96	228	150
2655	96	60	380
2656	96	40	79
2657	96	48	115
2658	96	232	50
2659	96	301	420
2660	96	41	95
2661	96	232	50
2662	96	232	50
2663	96	48	115
2664	96	18	420
2665	96	38	200
2666	96	75	78
2667	96	21	335
2668	96	40	79
2669	96	75	78
2670	96	21	335
2671	96	6	644
2672	29	18	420
2673	29	48	115
2674	29	228	150
2675	29	232	50
2676	29	316	114
2677	29	18	420
2678	29	75	78
2679	29	38	200
2680	29	316	114
2681	29	228	150
2682	29	301	420
2683	29	301	420
2684	29	60	380
2685	29	38	200
2686	29	75	78
2687	29	18	420
2688	29	18	420
2689	29	301	420
2690	29	60	380
2691	29	6	644
2692	29	60	380
2693	29	6	644
2694	29	18	420
2695	29	232	50
2696	29	75	78
2697	29	40	79
2698	29	38	200
2699	29	75	78
2700	29	60	380
2701	29	38	200
2702	29	232	50
2703	29	316	114
2704	29	316	114
2705	29	301	420
2706	29	60	380
2707	29	41	95
2708	29	228	150
2709	29	48	115
2710	29	316	114
2711	29	48	115
2712	29	40	79
2713	29	41	95
2714	29	21	335
2715	29	232	50
2716	29	301	420
2717	29	21	335
2718	29	6	644
2719	29	316	114
2720	29	228	150
2721	29	60	380
2722	29	316	114
2723	29	41	95
2724	29	301	420
2725	29	232	50
2726	29	38	200
2727	29	301	420
2728	29	38	200
2729	29	48	115
2730	29	301	420
2731	29	228	150
2732	29	228	150
2733	29	48	115
2734	29	60	380
2735	29	60	380
2736	29	21	335
2737	29	21	335
2738	29	6	644
2739	29	75	78
2740	29	316	114
2741	29	316	114
2742	29	48	115
2743	29	6	644
2744	29	21	335
2745	29	301	420
2746	29	232	50
2747	29	228	150
2748	29	232	50
2749	29	75	78
2750	29	60	380
2751	29	301	420
2752	29	48	115
2753	105	18	420
2754	105	18	420
2755	105	21	335
2756	105	41	95
2757	105	316	114
2758	105	48	115
2759	105	75	78
2760	105	40	79
2761	105	40	79
2762	105	316	114
2763	105	232	50
2764	105	232	50
2765	105	38	200
2766	105	6	644
2767	105	6	644
2768	105	38	200
2769	105	6	644
2770	105	316	114
2771	105	6	644
2772	105	60	380
2773	105	316	114
2774	105	21	335
2775	105	38	200
2776	105	301	420
2777	105	6	644
2778	105	18	420
2779	105	60	380
2780	105	60	380
2781	61	18	420
2782	61	232	50
2783	61	232	50
2784	61	21	335
2785	61	18	420
2786	61	38	200
2787	61	75	78
2788	61	60	380
2789	61	21	335
2790	61	38	200
2791	61	232	50
2792	61	75	78
2793	61	21	335
2794	61	228	150
2795	61	38	200
2796	61	38	200
2797	61	228	150
2798	61	60	380
2799	61	38	200
2800	61	60	380
2801	61	60	380
2802	61	232	50
2803	61	40	79
2804	61	228	150
2805	61	18	420
2806	61	75	78
2807	61	228	150
2808	61	21	335
2809	61	60	380
2810	61	41	95
2811	61	75	78
2812	61	301	420
2813	61	38	200
2814	61	228	150
2815	61	228	150
2816	61	40	79
2817	61	6	644
2818	61	228	150
2819	61	75	78
2820	61	38	200
2821	61	18	420
2822	61	228	150
2823	61	21	335
2824	61	38	200
2825	61	60	380
2826	61	41	95
2827	61	48	115
2828	61	41	95
2829	61	75	78
2830	61	228	150
2831	61	75	78
2832	61	60	380
2833	61	301	420
2834	61	38	200
2835	61	41	95
2836	61	228	150
2837	61	38	200
2838	61	38	200
2839	61	75	78
2840	61	232	50
2841	61	301	420
2842	61	232	50
2843	61	48	115
2844	61	232	50
2845	61	301	420
2846	61	40	79
2847	61	38	200
2848	61	316	114
2849	61	18	420
2850	111	75	78
2851	111	21	335
2852	111	6	644
2853	111	21	335
2854	111	48	115
2855	111	301	420
2856	111	60	380
2857	111	6	644
2858	111	18	420
2859	111	60	380
2860	111	232	50
2861	111	6	644
2862	111	21	335
2863	111	60	380
2864	111	40	79
2865	111	60	380
2866	111	40	79
2867	111	301	420
2868	111	228	150
2869	111	38	200
2870	111	48	115
2871	111	41	95
2872	7	75	78
2873	7	40	79
2874	7	228	150
2875	7	40	79
2876	7	301	420
2877	7	48	115
2878	7	41	95
2879	7	232	50
2880	7	48	115
2881	7	301	420
2882	7	75	78
2883	7	301	420
2884	7	21	335
2885	7	301	420
2886	36	21	335
2887	36	316	114
2888	36	232	50
2889	36	6	644
2890	36	316	114
2891	36	18	420
2892	36	301	420
2893	36	18	420
2894	36	301	420
2895	36	75	78
2896	36	316	114
2897	36	48	115
2898	36	38	200
2899	36	21	335
2900	36	75	78
2901	36	41	95
2902	36	21	335
2903	36	40	79
2904	36	21	335
2905	36	48	115
2906	36	75	78
2907	36	316	114
2908	36	75	78
2909	36	232	50
2910	36	38	200
2911	36	301	420
2912	36	228	150
2913	71	228	150
2914	71	41	95
2915	71	38	200
2916	71	6	644
2917	71	21	335
2918	71	18	420
2919	71	18	420
2920	71	232	50
2921	71	21	335
2922	71	316	114
2923	71	6	644
2924	71	232	50
2925	71	301	420
2926	71	316	114
2927	71	40	79
2928	71	75	78
2929	71	75	78
2930	71	38	200
2931	71	40	79
2932	71	21	335
2933	71	60	380
2934	71	48	115
2935	71	316	114
2936	71	60	380
2937	71	38	200
2938	71	316	114
2939	71	41	95
2940	71	48	115
2941	71	40	79
2942	71	38	200
2943	71	41	95
2944	71	21	335
2945	71	316	114
2946	71	301	420
2947	71	38	200
2948	71	232	50
2949	71	228	150
2950	71	40	79
2951	71	228	150
2952	71	6	644
2953	71	6	644
2954	71	232	50
2955	71	232	50
2956	71	316	114
2957	71	60	380
2958	71	38	200
2959	71	301	420
2960	71	60	380
2961	71	60	380
2962	71	6	644
2963	71	316	114
2964	71	21	335
2965	71	60	380
2966	71	48	115
2967	71	316	114
2968	71	228	150
2969	71	21	335
2970	71	21	335
2971	71	40	79
2972	71	60	380
2973	71	48	115
2974	71	228	150
2975	71	228	150
2976	71	38	200
2977	71	48	115
2978	71	6	644
2979	71	21	335
2980	71	38	200
2981	71	40	79
2982	71	75	78
2983	71	40	79
2984	71	41	95
2985	71	228	150
2986	71	21	335
2987	71	21	335
2988	71	41	95
2989	71	48	115
2990	71	232	50
2991	71	6	644
2992	71	6	644
2993	71	232	50
2994	71	228	150
2995	71	38	200
2996	71	48	115
2997	86	6	644
2998	86	38	200
2999	86	48	115
3000	86	38	200
3001	86	301	420
3002	86	6	644
3003	86	316	114
3004	86	41	95
3005	86	232	50
3006	86	75	78
3007	86	232	50
3008	86	232	50
3009	86	18	420
3010	86	21	335
3011	86	38	200
3012	86	18	420
3013	86	48	115
3014	86	316	114
3015	86	75	78
3016	86	316	114
3017	86	75	78
3018	86	41	95
3019	86	38	200
3020	86	228	150
3021	86	41	95
3022	86	40	79
3023	56	21	335
3024	56	60	380
3025	56	21	335
3026	56	48	115
3027	56	60	380
3028	56	48	115
3029	56	75	78
3030	56	228	150
3031	56	18	420
3032	56	6	644
3033	56	60	380
3034	56	60	380
3035	56	232	50
3036	56	60	380
3037	56	41	95
3038	56	228	150
3039	56	316	114
3040	56	301	420
3041	56	6	644
3042	56	228	150
3043	56	21	335
3044	56	228	150
3045	56	228	150
3046	56	75	78
3047	56	316	114
3048	56	21	335
3049	56	21	335
3050	56	48	115
3051	56	301	420
3052	56	60	380
3053	56	38	200
3054	56	228	150
3055	56	18	420
3056	56	41	95
3057	56	40	79
3058	56	316	114
3059	56	75	78
3060	56	40	79
3061	56	60	380
3062	56	6	644
3063	56	40	79
3064	56	18	420
3065	56	60	380
3066	56	38	200
3067	56	301	420
3068	56	6	644
3069	56	6	644
3070	56	41	95
3071	56	316	114
3072	56	18	420
3073	56	21	335
3074	56	75	78
3075	56	232	50
3076	56	6	644
3077	56	232	50
3078	56	60	380
3079	56	21	335
3080	56	18	420
3081	56	18	420
3082	56	228	150
3083	56	301	420
3084	56	40	79
3085	56	301	420
3086	56	228	150
3087	56	228	150
3088	56	6	644
3089	101	316	114
3090	101	40	79
3091	101	6	644
3092	101	228	150
3093	101	301	420
3094	101	21	335
3095	101	41	95
3096	101	232	50
3097	101	232	50
3098	101	48	115
3099	101	75	78
3100	101	38	200
3101	101	21	335
3102	101	6	644
3103	101	48	115
3104	101	18	420
3105	101	232	50
3106	101	48	115
3107	101	6	644
3108	101	41	95
3109	101	316	114
3110	101	18	420
3111	101	60	380
3112	101	60	380
3113	101	228	150
3114	101	232	50
3115	101	38	200
3116	101	60	380
3117	101	316	114
3118	101	38	200
3119	101	18	420
3120	101	41	95
3121	101	60	380
3122	101	21	335
3123	101	38	200
3124	101	38	200
3125	101	40	79
3126	101	301	420
3127	101	21	335
3128	101	38	200
3129	101	18	420
3130	101	18	420
3131	101	48	115
3132	101	40	79
3133	101	21	335
3134	101	6	644
3135	101	41	95
3136	51	48	115
3137	51	41	95
3138	51	48	115
3139	51	38	200
3140	51	60	380
3141	51	6	644
3142	9	40	79
3143	9	75	78
3144	9	18	420
3145	9	75	78
3146	9	301	420
3147	9	40	79
3148	9	6	644
3149	9	18	420
3150	9	75	78
3151	9	38	200
3152	9	41	95
3153	9	21	335
3154	9	301	420
3155	9	6	644
3156	9	41	95
3157	9	232	50
3158	9	21	335
3159	9	60	380
3160	9	40	79
3161	9	48	115
3162	9	316	114
3163	9	40	79
3164	9	75	78
3165	9	228	150
3166	9	232	50
3167	9	41	95
3168	9	40	79
3169	9	21	335
3170	9	75	78
3171	9	41	95
3172	9	75	78
3173	9	40	79
3174	9	40	79
3175	9	6	644
3176	9	40	79
3177	9	6	644
3178	9	41	95
3179	9	40	79
3180	9	21	335
3181	9	40	79
3182	9	301	420
3183	9	60	380
3184	9	60	380
3185	9	38	200
3186	9	301	420
3187	9	6	644
3188	9	18	420
3189	9	228	150
3190	9	60	380
3191	9	48	115
3192	9	40	79
3193	9	40	79
3194	9	232	50
3195	9	38	200
3196	9	18	420
3197	9	228	150
3198	9	301	420
3199	9	48	115
3200	9	75	78
3201	9	301	420
3202	9	232	50
3203	9	75	78
3204	9	75	78
3205	9	21	335
3206	9	6	644
3207	9	38	200
3208	9	38	200
3209	9	41	95
3210	9	301	420
3211	9	48	115
3212	9	228	150
3213	9	40	79
3214	9	6	644
3215	9	41	95
3216	9	60	380
3217	62	41	95
3218	62	301	420
3219	62	60	380
3220	62	6	644
3221	62	21	335
3222	62	232	50
3223	62	41	95
3224	62	6	644
3225	62	18	420
3226	62	60	380
3227	62	232	50
3228	62	316	114
3229	62	6	644
3230	62	228	150
3231	62	41	95
3232	62	232	50
3233	62	316	114
3234	62	40	79
3235	62	18	420
3236	62	316	114
3237	62	301	420
3238	62	40	79
3239	62	21	335
3240	62	40	79
3241	62	228	150
3242	62	75	78
3243	62	301	420
3244	62	232	50
3245	62	41	95
3246	62	21	335
3247	62	301	420
3248	62	228	150
3249	62	232	50
3250	62	21	335
3251	62	232	50
3252	62	6	644
3253	62	6	644
3254	62	38	200
3255	62	18	420
3256	62	18	420
3257	62	228	150
3258	62	75	78
3259	62	232	50
3260	62	228	150
3261	62	228	150
3262	62	38	200
3263	62	316	114
3264	62	48	115
3265	62	301	420
3266	62	228	150
3267	62	38	200
3268	62	40	79
3269	62	21	335
3270	62	41	95
3271	62	316	114
3272	62	6	644
3273	62	40	79
3274	62	41	95
3275	62	232	50
3276	62	316	114
3277	62	301	420
3278	62	60	380
3279	62	60	380
3280	62	48	115
3281	62	316	114
3282	113	60	380
3283	113	316	114
3284	113	316	114
3285	113	316	114
3286	113	232	50
3287	113	60	380
3288	113	316	114
3289	113	228	150
3290	113	41	95
3291	113	48	115
3292	113	18	420
3293	113	18	420
3294	113	75	78
3295	113	228	150
3296	113	232	50
3297	113	21	335
3298	113	21	335
3299	113	6	644
3300	113	60	380
3301	113	232	50
3302	113	18	420
3303	113	75	78
3304	113	38	200
3305	113	6	644
3306	113	316	114
3307	113	75	78
3308	113	60	380
3309	113	40	79
3310	113	41	95
3311	113	38	200
3312	113	228	150
3313	113	6	644
3314	113	6	644
3315	113	60	380
3316	113	316	114
3317	113	75	78
3318	113	18	420
3319	113	41	95
3320	113	228	150
3321	113	48	115
3322	113	232	50
3323	113	75	78
3324	113	301	420
3325	104	228	150
3326	104	60	380
3327	104	18	420
3328	104	75	78
3329	104	301	420
3330	104	301	420
3331	104	232	50
3332	104	316	114
3333	104	301	420
3334	104	21	335
3335	104	316	114
3336	104	41	95
3337	104	18	420
3338	104	38	200
3339	104	316	114
3340	104	60	380
3341	104	60	380
3342	104	60	380
3343	104	60	380
3344	104	60	380
3345	104	18	420
3346	104	40	79
3347	104	60	380
3348	104	38	200
3349	104	228	150
3350	104	41	95
3351	104	228	150
3352	104	301	420
3353	104	40	79
3354	104	41	95
3355	104	60	380
3356	104	18	420
3357	104	75	78
3358	104	301	420
3359	104	18	420
3360	104	60	380
3361	104	40	79
3362	104	75	78
3363	104	38	200
3364	104	6	644
3365	104	21	335
3366	104	75	78
3367	104	41	95
3368	104	38	200
3369	104	38	200
3370	104	21	335
3371	104	228	150
3372	104	228	150
3373	104	316	114
3374	104	41	95
3375	104	41	95
3376	104	228	150
3377	104	316	114
3378	104	6	644
3379	104	18	420
3380	104	48	115
3381	104	41	95
3382	104	232	50
3383	104	21	335
3384	104	316	114
3385	104	38	200
3386	104	228	150
3387	104	232	50
3388	104	38	200
3389	104	41	95
3390	104	75	78
3391	104	232	50
3392	104	228	150
3393	104	75	78
3394	104	21	335
3395	104	228	150
3396	104	18	420
3397	104	21	335
3398	104	38	200
3399	104	41	95
3400	104	41	95
3401	104	41	95
3402	104	38	200
3403	104	38	200
3404	104	21	335
3405	107	301	420
3406	107	6	644
3407	107	41	95
3408	107	301	420
3409	107	18	420
3410	107	75	78
3411	107	6	644
3412	107	75	78
3413	107	21	335
3414	107	228	150
3415	107	38	200
3416	107	75	78
3417	107	301	420
3418	107	60	380
3419	107	41	95
3420	107	301	420
3421	107	41	95
3422	107	38	200
3423	107	60	380
3424	107	60	380
3425	107	6	644
3426	107	316	114
3427	107	316	114
3428	107	40	79
3429	107	18	420
3430	107	21	335
3431	107	316	114
3432	107	40	79
3433	107	41	95
3434	107	232	50
4968	64	21	335
4969	64	41	95
4970	64	6	644
4971	64	6	644
4972	64	41	95
4973	64	38	200
4974	64	232	50
4975	64	60	380
4976	64	48	115
4977	64	21	335
4978	64	21	335
4979	64	18	420
4980	64	21	335
4981	64	60	380
4982	64	48	115
4983	64	18	420
4984	59	316	114
4985	59	316	114
4986	59	48	115
4987	59	228	150
4988	59	48	115
4989	59	301	420
4990	59	18	420
4991	48	301	420
4992	48	21	335
4993	48	232	50
4994	48	75	78
4995	48	60	380
4996	48	60	380
4997	48	21	335
4998	48	75	78
4999	48	60	380
5000	48	38	200
5001	48	41	95
5002	48	232	50
5003	48	18	420
5004	48	6	644
5005	48	40	79
5006	48	38	200
5007	48	21	335
5008	48	48	115
5009	48	48	115
5010	48	228	150
5011	48	75	78
5012	48	301	420
5013	48	232	50
5014	48	301	420
5015	48	40	79
5016	48	41	95
5017	48	48	115
5018	48	232	50
5019	48	6	644
5020	48	60	380
5021	48	38	200
5022	48	316	114
5023	48	228	150
5024	48	18	420
5025	48	316	114
5026	93	316	114
5027	93	75	78
5028	93	40	79
5029	93	40	79
5030	93	21	335
5031	93	316	114
5032	93	21	335
5033	93	38	200
5034	93	316	114
5035	93	60	380
5036	93	60	380
5037	93	75	78
5038	93	6	644
5039	93	6	644
5040	93	316	114
5041	93	75	78
5042	93	316	114
5043	93	301	420
5044	93	301	420
5045	93	6	644
5046	93	6	644
5047	93	18	420
5048	93	75	78
5049	93	6	644
5050	93	316	114
5051	93	21	335
5052	93	228	150
5053	93	48	115
5054	93	38	200
5055	93	48	115
5056	93	232	50
5057	93	6	644
5058	93	41	95
5059	93	38	200
5060	65	301	420
5061	65	75	78
5062	65	60	380
5063	65	75	78
5064	65	316	114
5065	65	18	420
5066	65	48	115
5067	65	301	420
5068	65	21	335
5069	65	60	380
5070	65	41	95
5071	65	18	420
5072	65	38	200
5073	65	18	420
5074	65	316	114
5075	65	40	79
5076	65	18	420
5077	65	232	50
5078	65	38	200
5079	65	21	335
5080	65	60	380
5081	65	41	95
5082	65	75	78
5083	65	18	420
5084	65	316	114
5085	65	48	115
5086	65	6	644
5087	65	316	114
5088	65	75	78
5089	65	38	200
5090	65	18	420
5091	65	60	380
5092	65	38	200
5093	33	48	115
5094	33	6	644
5095	33	228	150
5096	33	6	644
5097	33	301	420
5098	33	75	78
5099	33	60	380
5100	33	18	420
5101	33	18	420
5102	33	232	50
5103	33	21	335
5104	33	232	50
5105	33	21	335
5106	33	40	79
5107	33	316	114
5108	33	41	95
5109	33	60	380
5110	33	40	79
5111	33	232	50
5112	33	60	380
5113	33	48	115
5114	33	301	420
5115	33	6	644
5116	33	48	115
5117	33	41	95
5118	33	6	644
5119	33	228	150
5120	33	48	115
5121	33	60	380
5122	33	18	420
5123	33	21	335
5124	33	18	420
5125	33	18	420
5126	33	6	644
5127	33	18	420
5128	33	228	150
5129	33	6	644
5130	33	316	114
5131	33	75	78
5132	33	21	335
5133	33	60	380
5134	33	21	335
5135	33	6	644
5136	33	228	150
5137	33	48	115
5138	33	228	150
5139	33	21	335
5140	33	18	420
5141	33	21	335
5142	33	18	420
5143	33	301	420
5144	33	301	420
5145	33	316	114
5146	33	316	114
5147	33	21	335
5148	33	18	420
5149	33	316	114
5150	33	6	644
5151	33	301	420
5152	33	40	79
5153	33	18	420
5154	33	232	50
5155	33	48	115
5156	33	21	335
5157	91	60	380
5158	91	75	78
5159	91	75	78
5160	91	40	79
5161	91	75	78
5162	91	18	420
5163	91	232	50
5164	91	18	420
5165	91	21	335
5166	91	301	420
5167	91	60	380
5168	91	75	78
5169	91	232	50
5170	91	316	114
5171	91	18	420
5172	91	6	644
5173	91	40	79
5174	91	228	150
5175	91	316	114
5176	91	6	644
5177	91	6	644
5178	91	232	50
5179	91	228	150
5180	91	6	644
5181	91	48	115
5182	91	21	335
5183	91	18	420
5184	91	40	79
5185	91	301	420
5186	91	40	79
5187	91	38	200
5188	91	21	335
5189	91	40	79
5190	91	21	335
5191	91	60	380
5192	91	38	200
5193	91	40	79
5194	91	48	115
5195	91	40	79
5196	91	48	115
5197	91	21	335
5198	91	75	78
5199	91	41	95
5200	91	6	644
5201	91	301	420
5202	91	60	380
5203	91	18	420
5204	91	75	78
5205	91	41	95
5206	91	228	150
5207	91	6	644
5208	91	41	95
5209	91	301	420
5210	91	232	50
5211	91	41	95
5212	91	21	335
5213	91	6	644
5214	91	60	380
5215	91	48	115
5216	91	301	420
5217	91	232	50
5218	91	316	114
5219	91	232	50
5220	91	38	200
5221	91	75	78
5222	91	41	95
5223	91	48	115
5224	91	38	200
5225	91	232	50
5226	91	232	50
5227	91	316	114
5228	91	6	644
5229	91	228	150
5230	91	21	335
5231	91	18	420
5232	91	41	95
5233	91	228	150
5234	91	21	335
5235	91	41	95
5236	91	21	335
5237	91	6	644
5238	91	48	115
5239	97	316	114
5240	97	41	95
5241	97	6	644
5242	97	232	50
5243	97	41	95
5244	97	60	380
5245	97	40	79
5246	97	18	420
5247	97	48	115
5248	97	18	420
5249	97	75	78
5250	97	316	114
5251	97	6	644
5252	97	40	79
5253	97	21	335
5254	97	40	79
5255	97	38	200
5256	97	6	644
5257	97	18	420
5258	97	40	79
5259	97	232	50
5260	97	38	200
5261	97	41	95
5262	97	40	79
5263	97	18	420
5264	97	301	420
5265	97	228	150
5266	97	40	79
5267	97	301	420
5268	97	38	200
5269	97	75	78
5270	97	40	79
5271	97	316	114
5272	97	75	78
5273	97	38	200
5274	97	18	420
5275	97	60	380
5276	97	60	380
5277	97	21	335
5278	97	6	644
5279	97	316	114
5280	97	21	335
5281	97	228	150
5282	97	228	150
5283	97	60	380
5284	97	6	644
5285	97	18	420
5286	97	228	150
5287	97	6	644
5288	97	21	335
5289	97	21	335
5290	97	75	78
5291	97	48	115
5292	97	301	420
5293	97	38	200
5294	97	301	420
5295	3	6	644
5296	3	75	78
5297	3	75	78
5298	3	40	79
5299	3	232	50
5300	3	40	79
5301	3	6	644
5302	3	232	50
5303	3	60	380
5304	3	21	335
5305	3	41	95
5306	3	21	335
5307	3	41	95
5308	3	48	115
5309	3	232	50
5310	3	60	380
5311	3	38	200
5312	3	301	420
5313	3	18	420
5314	3	38	200
5315	3	228	150
5316	3	75	78
5317	3	40	79
5318	3	75	78
5319	3	18	420
5320	3	40	79
5321	3	48	115
5322	10	60	380
5323	10	18	420
5324	10	6	644
5325	10	301	420
5326	10	18	420
5327	10	6	644
5328	10	6	644
5329	10	75	78
5330	10	41	95
5331	10	6	644
5332	10	232	50
5333	10	75	78
5334	10	38	200
5335	10	40	79
5336	10	21	335
5337	10	301	420
5338	10	228	150
5339	10	6	644
5340	10	21	335
5341	10	18	420
5342	10	316	114
5343	10	40	79
5344	10	41	95
5345	10	48	115
5346	10	38	200
5347	10	316	114
5348	10	41	95
5349	10	41	95
5350	10	18	420
5351	10	75	78
5352	10	21	335
5353	10	301	420
5354	10	18	420
5355	10	38	200
5356	10	40	79
5357	10	21	335
5358	10	38	200
5359	10	40	79
5360	10	21	335
5361	10	301	420
5362	10	41	95
5363	10	6	644
5364	10	301	420
5365	10	301	420
5366	10	40	79
5367	10	228	150
5368	10	38	200
5369	10	18	420
5370	10	228	150
5371	10	48	115
5372	10	38	200
5373	10	48	115
5374	10	228	150
5375	10	301	420
5376	10	6	644
5377	10	18	420
5378	10	41	95
5379	10	48	115
5380	10	60	380
5381	10	48	115
5382	10	41	95
5383	10	316	114
5384	10	21	335
5385	10	48	115
5386	10	75	78
5387	10	48	115
5388	10	316	114
5389	10	38	200
5390	10	232	50
5391	2	232	50
5392	2	40	79
5393	2	232	50
5394	2	48	115
5395	2	75	78
5396	2	21	335
5397	2	40	79
5398	2	38	200
5399	2	40	79
5400	2	18	420
5401	2	228	150
5402	2	60	380
5403	2	301	420
5404	2	301	420
5405	2	38	200
5406	2	316	114
5407	2	316	114
5408	2	301	420
5409	2	21	335
5410	2	38	200
5411	2	21	335
5412	2	60	380
5413	2	6	644
5414	2	40	79
5415	2	18	420
5416	2	75	78
5417	2	232	50
5418	2	228	150
5419	2	21	335
5420	2	228	150
5421	2	301	420
5422	2	18	420
5423	2	18	420
5424	2	48	115
5425	2	301	420
5426	2	18	420
5427	2	316	114
5428	2	75	78
5429	2	41	95
5430	2	18	420
5431	2	18	420
5432	2	38	200
5433	2	316	114
5434	2	228	150
5435	2	232	50
5436	2	75	78
5437	2	48	115
5438	2	301	420
5439	2	301	420
5440	2	301	420
5441	2	75	78
5442	2	228	150
5443	2	38	200
5444	2	75	78
5445	2	21	335
5446	2	40	79
5447	2	75	78
5448	2	6	644
5449	2	18	420
5450	2	21	335
5451	2	232	50
5452	2	228	150
5453	2	40	79
5454	2	75	78
5455	2	40	79
5456	2	75	78
5457	2	18	420
5458	2	6	644
5459	2	75	78
5460	2	48	115
5461	2	21	335
5462	2	6	644
5463	2	228	150
5464	2	232	50
5465	2	232	50
5466	2	301	420
5467	2	232	50
5468	2	40	79
5469	72	48	115
5470	72	6	644
5471	72	38	200
5472	72	40	79
5473	72	38	200
5474	72	38	200
5475	72	48	115
5476	72	301	420
5477	72	38	200
5478	72	60	380
5479	72	316	114
5480	72	41	95
5481	72	41	95
5482	72	60	380
5483	72	228	150
5484	72	41	95
5485	72	232	50
5486	72	316	114
5487	72	60	380
5488	72	75	78
5489	72	301	420
5490	72	18	420
5491	72	18	420
5492	72	316	114
5493	72	232	50
5494	72	6	644
5495	72	60	380
5496	72	48	115
5497	72	232	50
5498	108	232	50
5499	108	41	95
5500	108	75	78
5501	108	18	420
5502	108	316	114
5503	108	38	200
5504	108	41	95
5505	108	38	200
5506	108	232	50
5507	108	301	420
5508	108	228	150
5509	108	301	420
5510	108	18	420
5511	108	38	200
5512	108	21	335
5513	108	232	50
5514	108	316	114
5515	108	6	644
5516	108	301	420
5517	108	38	200
5518	108	6	644
5519	108	40	79
5520	108	40	79
5521	108	21	335
5522	108	6	644
5523	108	38	200
5524	108	21	335
5525	108	301	420
5526	108	228	150
5527	108	18	420
5528	108	60	380
5529	108	301	420
5530	108	48	115
5531	108	60	380
5532	108	316	114
5533	108	21	335
5534	108	228	150
5535	108	21	335
5536	108	41	95
5537	108	301	420
5538	108	228	150
5539	108	38	200
5540	108	38	200
5541	108	232	50
5542	108	60	380
5543	108	41	95
5544	108	228	150
5545	108	38	200
5546	108	48	115
5547	108	41	95
5548	108	60	380
5549	108	60	380
5550	108	316	114
5551	108	75	78
5552	108	316	114
5553	108	228	150
5554	108	21	335
5555	108	75	78
5556	108	48	115
5557	108	75	78
5558	108	6	644
5559	108	18	420
5560	108	60	380
5561	108	48	115
5562	108	301	420
5563	108	40	79
5564	108	316	114
5565	108	48	115
5566	108	48	115
5567	108	21	335
5568	108	18	420
5569	108	40	79
5570	108	48	115
5571	108	41	95
5572	108	21	335
5573	108	6	644
5574	108	228	150
5575	108	6	644
5576	108	40	79
5577	108	40	79
5578	108	41	95
5579	108	232	50
5580	108	232	50
5581	108	21	335
5582	108	228	150
5583	108	301	420
